0	0
6000	0
12000	0
18000	0
24000	0
30000	0
36000	0
42000	0
48000	0
54000	0
60000	0
66000	0
72000	0
78000	0
84000	0
90000	0
96000	0
102000	0
108000	0
114000	0
120000	0
126000	0
132000	0
138000	0
144000	0
150000	0
156000	0
162000	0
168000	0
174000	0
180000	0
186000	0
192000	0
198000	0
204000	0
210000	0
216000	0
222000	0
228000	0
234000	0
240000	0
246000	0
252000	0
258000	0
264000	0
270000	0
276000	0
282000	0
288000	0
294000	0
300000	0
306000	0
312000	0
318000	0
324000	0
330000	0
336000	0
342000	0
348000	0
354000	0
360000	0
366000	0
372000	0
378000	0
384000	0
390000	0
396000	0
402000	0
408000	0
414000	0
420000	0
426000	0
432000	0
438000	0
444000	0
450000	0
456000	0
462000	0
468000	0
474000	0
480000	0
486000	0
492000	0
498000	0
504000	0
510000	0
516000	0
522000	0
528000	0
534000	0
540000	0
546000	0
552000	0
558000	0
564000	0
570000	0
576000	0
582000	0
588000	0
594000	0
600000	0
606000	0
612000	0
618000	0
624000	0
630000	0
636000	0
642000	0
648000	0
654000	0
660000	0
666000	0
672000	0
678000	0
684000	0
690000	0
696000	0
702000	0
708000	0
714000	0
720000	0
726000	0
732000	0
738000	0
744000	0
750000	0
756000	0
762000	0
768000	0
774000	0
780000	0
786000	0
792000	0
798000	0
804000	0
810000	0
816000	0
822000	0
828000	0
834000	0
840000	0
846000	0
852000	0
858000	0
864000	0
870000	0
876000	0
882000	0
888000	0
894000	0
900000	0
906000	0
912000	0
918000	0
924000	0
930000	0
936000	0
942000	0
948000	0
954000	0
960000	0
966000	0
972000	0
978000	0
984000	0
990000	0
996000	0
1.002e+06	0
1.008e+06	0
1.014e+06	0
1.02e+06	0
1.026e+06	0
1.032e+06	0
1.038e+06	0
1.044e+06	0
1.05e+06	0
1.056e+06	0
1.062e+06	0
1.068e+06	0
1.074e+06	0
1.08e+06	0
1.086e+06	0
1.092e+06	0
1.098e+06	0
1.104e+06	0
1.11e+06	0
1.116e+06	0
1.122e+06	0
1.128e+06	0
1.134e+06	0
1.14e+06	0
1.146e+06	0
1.152e+06	0
1.158e+06	0
1.164e+06	0
1.17e+06	0
1.176e+06	0
1.182e+06	0
1.188e+06	0
1.194e+06	0
1.2e+06	0
1.206e+06	0
1.212e+06	0
1.218e+06	0
1.224e+06	0
1.23e+06	0
1.236e+06	0
1.242e+06	0
1.248e+06	0
1.254e+06	0
1.26e+06	0
1.266e+06	0
1.272e+06	0
1.278e+06	0
1.284e+06	0
1.29e+06	0
1.296e+06	0
1.302e+06	0
1.308e+06	0
1.314e+06	0
1.32e+06	0
1.326e+06	0
1.332e+06	0
1.338e+06	0
1.344e+06	0
1.35e+06	0
1.356e+06	0
1.362e+06	0
1.368e+06	0
1.374e+06	0
1.38e+06	0
1.386e+06	0
1.392e+06	0
1.398e+06	0
1.404e+06	0
1.41e+06	0
1.416e+06	0
1.422e+06	0
1.428e+06	0
1.434e+06	0
1.44e+06	0
1.446e+06	0
1.452e+06	0
1.458e+06	0
1.464e+06	0
1.47e+06	0
1.476e+06	0
1.482e+06	0
1.488e+06	0
1.494e+06	0
1.5e+06	0
1.506e+06	0
1.512e+06	0
1.518e+06	0
1.524e+06	0
1.53e+06	0
1.536e+06	0
1.542e+06	0
1.548e+06	0
1.554e+06	0
1.56e+06	0
1.566e+06	0
1.572e+06	0
1.578e+06	0
1.584e+06	0
1.59e+06	0
1.596e+06	0
1.602e+06	0
1.608e+06	0
1.614e+06	0
1.62e+06	0
1.626e+06	0
1.632e+06	0
1.638e+06	0
1.644e+06	0
1.65e+06	0
1.656e+06	0
1.662e+06	0
1.668e+06	0
1.674e+06	0
1.68e+06	0
1.686e+06	0
1.692e+06	0
1.698e+06	0
1.704e+06	0
1.71e+06	0
1.716e+06	0
1.722e+06	0
1.728e+06	0
1.734e+06	0
1.74e+06	0
1.746e+06	0
1.752e+06	0
1.758e+06	0
1.764e+06	0
1.77e+06	0
1.776e+06	0
1.782e+06	0
1.788e+06	0
1.794e+06	0
1.8e+06	0
1.806e+06	0
1.812e+06	0
1.818e+06	0
1.824e+06	0
1.83e+06	0
1.836e+06	0
1.842e+06	0
1.848e+06	0
1.854e+06	0
1.86e+06	0
1.866e+06	0
1.872e+06	0
1.878e+06	0
1.884e+06	0
1.89e+06	0
1.896e+06	0
1.902e+06	0
1.908e+06	0
1.914e+06	0
1.92e+06	0
1.926e+06	0
1.932e+06	0
1.938e+06	0
1.944e+06	0
1.95e+06	0
1.956e+06	0
1.962e+06	0
1.968e+06	0
1.974e+06	0
1.98e+06	0
1.986e+06	0
1.992e+06	0
1.998e+06	0
2.004e+06	0
2.01e+06	0
2.016e+06	0
2.022e+06	0
2.028e+06	0
2.034e+06	0
2.04e+06	0
2.046e+06	0
2.052e+06	0
2.058e+06	0
2.064e+06	0
2.07e+06	0
2.076e+06	0
2.082e+06	0
2.088e+06	0
2.094e+06	0
2.1e+06	0
2.106e+06	0
2.112e+06	0
2.118e+06	0
2.124e+06	0
2.13e+06	0
2.136e+06	0
2.142e+06	0
2.148e+06	0
2.154e+06	0
2.16e+06	0
2.166e+06	0
2.172e+06	0
2.178e+06	0
2.184e+06	0
2.19e+06	0
2.196e+06	0
2.202e+06	0
2.208e+06	0
2.214e+06	0
2.22e+06	0
2.226e+06	0
2.232e+06	0
2.238e+06	0
2.244e+06	0
2.25e+06	0
2.256e+06	0
2.262e+06	0
2.268e+06	0
2.274e+06	0
2.28e+06	0
2.286e+06	0
2.292e+06	0
2.298e+06	0
2.304e+06	0
2.31e+06	0
2.316e+06	0
2.322e+06	0
2.328e+06	0
2.334e+06	0
2.34e+06	0
2.346e+06	0
2.352e+06	0
2.358e+06	0
2.364e+06	0
2.37e+06	0
2.376e+06	0
2.382e+06	0
2.388e+06	0
2.394e+06	0
2.4e+06	0
2.406e+06	0
2.412e+06	0
2.418e+06	0
2.424e+06	0
2.43e+06	0
2.436e+06	0
2.442e+06	0
2.448e+06	0
2.454e+06	0
2.46e+06	0
2.466e+06	0
2.472e+06	0
2.478e+06	0
2.484e+06	0
2.49e+06	0
2.496e+06	0
2.502e+06	0
2.508e+06	0
2.514e+06	0
2.52e+06	0
2.526e+06	0
2.532e+06	0
2.538e+06	0
2.544e+06	0
2.55e+06	0
2.556e+06	0
2.562e+06	0
2.568e+06	0
2.574e+06	0
2.58e+06	0
2.586e+06	0
2.592e+06	0
2.598e+06	0
2.604e+06	0
2.61e+06	0
2.616e+06	0
2.622e+06	0
2.628e+06	0
2.634e+06	0
2.64e+06	0
2.646e+06	0
2.652e+06	0
2.658e+06	0
2.664e+06	0
2.67e+06	0
2.676e+06	0
2.682e+06	0
2.688e+06	0
2.694e+06	0
2.7e+06	0
2.706e+06	0
2.712e+06	0
2.718e+06	0
2.724e+06	0
2.73e+06	0
2.736e+06	0
2.742e+06	0
2.748e+06	0
2.754e+06	0
2.76e+06	0
2.766e+06	0
2.772e+06	0
2.778e+06	0
2.784e+06	0
2.79e+06	0
2.796e+06	0
2.802e+06	0
2.808e+06	0
2.814e+06	0
2.82e+06	0
2.826e+06	0
2.832e+06	0
2.838e+06	0
2.844e+06	0
2.85e+06	0
2.856e+06	0
2.862e+06	0
2.868e+06	0
2.874e+06	0
2.88e+06	0
2.886e+06	0
2.892e+06	0
2.898e+06	0
2.904e+06	0
2.91e+06	0
2.916e+06	0
2.922e+06	0
2.928e+06	0
2.934e+06	0
2.94e+06	0
2.946e+06	0
2.952e+06	0
2.958e+06	0
2.964e+06	0
2.97e+06	0
2.976e+06	0
2.982e+06	0
2.988e+06	0
2.994e+06	0
3e+06	0
3.006e+06	0
3.012e+06	0
3.018e+06	0
3.024e+06	0
3.03e+06	0
3.036e+06	0
3.042e+06	0
3.048e+06	0
3.054e+06	0
3.06e+06	0
3.066e+06	0
3.072e+06	0
3.078e+06	0
3.084e+06	0
3.09e+06	0
3.096e+06	0
3.102e+06	0
3.108e+06	0
3.114e+06	0
3.12e+06	0
3.126e+06	0
3.132e+06	0
3.138e+06	0
3.144e+06	0
3.15e+06	0
3.156e+06	0
3.162e+06	0
3.168e+06	0
3.174e+06	0
3.18e+06	0
3.186e+06	0
3.192e+06	0
3.198e+06	0
3.204e+06	0
3.21e+06	0
3.216e+06	0
3.222e+06	0
3.228e+06	0
3.234e+06	0
3.24e+06	0
3.246e+06	0
3.252e+06	0
3.258e+06	0
3.264e+06	0
3.27e+06	0
3.276e+06	0
3.282e+06	0
3.288e+06	0
3.294e+06	0
3.3e+06	0
3.306e+06	0
3.312e+06	0
3.318e+06	0
3.324e+06	0
3.33e+06	0
3.336e+06	0
3.342e+06	0
3.348e+06	0
3.354e+06	0
3.36e+06	0
3.366e+06	0
3.372e+06	0
3.378e+06	0
3.384e+06	0
3.39e+06	0
3.396e+06	0
3.402e+06	0
3.408e+06	0
3.414e+06	0
3.42e+06	0
3.426e+06	0
3.432e+06	0
3.438e+06	0
3.444e+06	0
3.45e+06	0
3.456e+06	0
3.462e+06	0
3.468e+06	0
3.474e+06	0
3.48e+06	0
3.486e+06	0
3.492e+06	0
3.498e+06	0
3.504e+06	0
3.51e+06	0
3.516e+06	0
3.522e+06	0
3.528e+06	0
3.534e+06	0
3.54e+06	0
3.546e+06	0
3.552e+06	0
3.558e+06	0
3.564e+06	0
3.57e+06	0
3.576e+06	0
3.582e+06	0
3.588e+06	0
3.594e+06	0
3.6e+06	0
3.606e+06	0
3.612e+06	0
3.618e+06	0
3.624e+06	0
3.63e+06	0
3.636e+06	0
3.642e+06	0
3.648e+06	0
3.654e+06	0
3.66e+06	0
3.666e+06	0
3.672e+06	0
3.678e+06	0
3.684e+06	0
3.69e+06	0
3.696e+06	0
3.702e+06	0
3.708e+06	0
3.714e+06	0
3.72e+06	0
3.726e+06	0
3.732e+06	0
3.738e+06	0
3.744e+06	0
3.75e+06	0
3.756e+06	0
3.762e+06	0
3.768e+06	0
3.774e+06	0
3.78e+06	0
3.786e+06	0
3.792e+06	0
3.798e+06	0
3.804e+06	0
3.81e+06	0
3.816e+06	0
3.822e+06	0
3.828e+06	0
3.834e+06	0
3.84e+06	0
3.846e+06	0
3.852e+06	0
3.858e+06	0
3.864e+06	0
3.87e+06	0
3.876e+06	0
3.882e+06	0
3.888e+06	0
3.894e+06	0
3.9e+06	0
3.906e+06	0
3.912e+06	0
3.918e+06	0
3.924e+06	0
3.93e+06	0
3.936e+06	0
3.942e+06	0
3.948e+06	0
3.954e+06	0
3.96e+06	0
3.966e+06	0
3.972e+06	0
3.978e+06	0
3.984e+06	0
3.99e+06	0
3.996e+06	0
4.002e+06	0
4.008e+06	0
4.014e+06	0
4.02e+06	0
4.026e+06	0
4.032e+06	0
4.038e+06	0
4.044e+06	0
4.05e+06	0
4.056e+06	0
4.062e+06	0
4.068e+06	0
4.074e+06	0
4.08e+06	0
4.086e+06	0
4.092e+06	0
4.098e+06	0
4.104e+06	0
4.11e+06	0
4.116e+06	0
4.122e+06	0
4.128e+06	0
4.134e+06	0
4.14e+06	0
4.146e+06	0
4.152e+06	0
4.158e+06	0
4.164e+06	0
4.17e+06	0
4.176e+06	0
4.182e+06	0
4.188e+06	0
4.194e+06	0
4.2e+06	0
4.206e+06	0
4.212e+06	0
4.218e+06	0
4.224e+06	0
4.23e+06	0
4.236e+06	0
4.242e+06	0
4.248e+06	0
4.254e+06	0
4.26e+06	0
4.266e+06	0
4.272e+06	0
4.278e+06	0
4.284e+06	0
4.29e+06	0
4.296e+06	0
4.302e+06	0
4.308e+06	0
4.314e+06	0
4.32e+06	0
4.326e+06	0
4.332e+06	0
4.338e+06	0
4.344e+06	0
4.35e+06	0
4.356e+06	0
4.362e+06	0
4.368e+06	0
4.374e+06	0
4.38e+06	0
4.386e+06	0
4.392e+06	0
4.398e+06	0
4.404e+06	0
4.41e+06	0
4.416e+06	0
4.422e+06	0
4.428e+06	0
4.434e+06	0
4.44e+06	0
4.446e+06	0
4.452e+06	0
4.458e+06	0
4.464e+06	0
4.47e+06	0
4.476e+06	0
4.482e+06	0
4.488e+06	0
4.494e+06	0
4.5e+06	0
4.506e+06	0
4.512e+06	0
4.518e+06	0
4.524e+06	0
4.53e+06	0
4.536e+06	0
4.542e+06	0
4.548e+06	0
4.554e+06	0
4.56e+06	0
4.566e+06	0
4.572e+06	0
4.578e+06	0
4.584e+06	0
4.59e+06	0
4.596e+06	0
4.602e+06	0
4.608e+06	0
4.614e+06	0
4.62e+06	0
4.626e+06	0
4.632e+06	0
4.638e+06	0
4.644e+06	0
4.65e+06	0
4.656e+06	0
4.662e+06	0
4.668e+06	0
4.674e+06	0
4.68e+06	0
4.686e+06	0
4.692e+06	0
4.698e+06	0
4.704e+06	0
4.71e+06	0
4.716e+06	0
4.722e+06	0
4.728e+06	0
4.734e+06	0
4.74e+06	0
4.746e+06	0
4.752e+06	0
4.758e+06	0
4.764e+06	0
4.77e+06	0
4.776e+06	0
4.782e+06	0
4.788e+06	0
4.794e+06	0
4.8e+06	0
4.806e+06	0
4.812e+06	0
4.818e+06	0
4.824e+06	0
4.83e+06	0
4.836e+06	0
4.842e+06	0
4.848e+06	0
4.854e+06	0
4.86e+06	0
4.866e+06	0
4.872e+06	0
4.878e+06	0
4.884e+06	0
4.89e+06	0
4.896e+06	0
4.902e+06	0
4.908e+06	0
4.914e+06	0
4.92e+06	0
4.926e+06	0
4.932e+06	0
4.938e+06	0
4.944e+06	0
4.95e+06	0
4.956e+06	0
4.962e+06	0
4.968e+06	0
4.974e+06	0
4.98e+06	0
4.986e+06	0
4.992e+06	0
4.998e+06	0
5.004e+06	0
5.01e+06	0
5.016e+06	0
5.022e+06	0
5.028e+06	0
5.034e+06	0
5.04e+06	0
5.046e+06	0
5.052e+06	0
5.058e+06	0
5.064e+06	0
5.07e+06	0
5.076e+06	0
5.082e+06	0
5.088e+06	0
5.094e+06	0
5.1e+06	0
5.106e+06	0
5.112e+06	0
5.118e+06	0
5.124e+06	0
5.13e+06	0
5.136e+06	0
5.142e+06	0
5.148e+06	0
5.154e+06	0
5.16e+06	0
5.166e+06	0
5.172e+06	0
5.178e+06	0
5.184e+06	0
5.19e+06	0
5.196e+06	0
5.202e+06	0
5.208e+06	0
5.214e+06	0
5.22e+06	0
5.226e+06	0
5.232e+06	0
5.238e+06	0
5.244e+06	0
5.25e+06	0
5.256e+06	0
5.262e+06	0
5.268e+06	0
5.274e+06	0
5.28e+06	0
5.286e+06	0
5.292e+06	0
5.298e+06	0
5.304e+06	0
5.31e+06	0
5.316e+06	0
5.322e+06	0
5.328e+06	0
5.334e+06	0
5.34e+06	0
5.346e+06	0
5.352e+06	0
5.358e+06	0
5.364e+06	0
5.37e+06	0
5.376e+06	0
5.382e+06	0
5.388e+06	0
5.394e+06	0
5.4e+06	0
5.406e+06	0
5.412e+06	0
5.418e+06	0
5.424e+06	0
5.43e+06	0
5.436e+06	0
5.442e+06	0
5.448e+06	0
5.454e+06	0
5.46e+06	0
5.466e+06	0
5.472e+06	0
5.478e+06	0
5.484e+06	0
5.49e+06	0
5.496e+06	0
5.502e+06	0
5.508e+06	0
5.514e+06	0
5.52e+06	0
5.526e+06	0
5.532e+06	0
5.538e+06	0
5.544e+06	0
5.55e+06	0
5.556e+06	0
5.562e+06	0
5.568e+06	0
5.574e+06	0
5.58e+06	0
5.586e+06	0
5.592e+06	0
5.598e+06	0
5.604e+06	0
5.61e+06	0
5.616e+06	0
5.622e+06	0
5.628e+06	0
5.634e+06	0
5.64e+06	0
5.646e+06	0
5.652e+06	0
5.658e+06	0
5.664e+06	0
5.67e+06	0
5.676e+06	0
5.682e+06	0
5.688e+06	0
5.694e+06	0
5.7e+06	0
5.706e+06	0
5.712e+06	0
5.718e+06	0
5.724e+06	0
5.73e+06	0
5.736e+06	0
5.742e+06	0
5.748e+06	0
5.754e+06	0
5.76e+06	0
5.766e+06	0
5.772e+06	0
5.778e+06	0
5.784e+06	0
5.79e+06	0
5.796e+06	0
5.802e+06	0
5.808e+06	0
5.814e+06	0
5.82e+06	0
5.826e+06	0
5.832e+06	0
5.838e+06	0
5.844e+06	0
5.85e+06	0
5.856e+06	0
5.862e+06	0
5.868e+06	0
5.874e+06	0
5.88e+06	0
5.886e+06	0
5.892e+06	0
5.898e+06	0
5.904e+06	0
5.91e+06	0
5.916e+06	0
5.922e+06	0
5.928e+06	0
5.934e+06	0
5.94e+06	0
5.946e+06	0
5.952e+06	0
5.958e+06	0
5.964e+06	0
5.97e+06	0
5.976e+06	0
5.982e+06	0
5.988e+06	0
5.994e+06	0
6e+06	0
6.006e+06	0
6.012e+06	0
6.018e+06	0
6.024e+06	0
6.03e+06	0
6.036e+06	0
6.042e+06	0
6.048e+06	0
6.054e+06	0
6.06e+06	0
6.066e+06	0
6.072e+06	0
6.078e+06	0
6.084e+06	0
6.09e+06	0
6.096e+06	0
6.102e+06	0
6.108e+06	0
6.114e+06	0
6.12e+06	0
6.126e+06	0
6.132e+06	0
6.138e+06	0
6.144e+06	0
6.15e+06	0
6.156e+06	0
6.162e+06	0
6.168e+06	0
6.174e+06	0
6.18e+06	0
6.186e+06	0
6.192e+06	0
6.198e+06	0
6.204e+06	0
6.21e+06	0
6.216e+06	0
6.222e+06	0
6.228e+06	0
6.234e+06	0
6.24e+06	0
6.246e+06	0
6.252e+06	0
6.258e+06	0
6.264e+06	0
6.27e+06	0
6.276e+06	0
6.282e+06	0
6.288e+06	0
6.294e+06	0
6.3e+06	0
6.306e+06	0
6.312e+06	0
6.318e+06	0
6.324e+06	0
6.33e+06	0
6.336e+06	0
6.342e+06	0
6.348e+06	0
6.354e+06	0
6.36e+06	0
6.366e+06	0
6.372e+06	0
6.378e+06	0
6.384e+06	0
6.39e+06	0
6.396e+06	0
6.402e+06	0
6.408e+06	0
6.414e+06	0
6.42e+06	0
6.426e+06	0
6.432e+06	0
6.438e+06	0
6.444e+06	0
6.45e+06	0
6.456e+06	0
6.462e+06	0
6.468e+06	0
6.474e+06	0
6.48e+06	0
6.486e+06	0
6.492e+06	0
6.498e+06	0
6.504e+06	0
6.51e+06	0
6.516e+06	0
6.522e+06	0
6.528e+06	0
6.534e+06	0
6.54e+06	0
6.546e+06	0
6.552e+06	0
6.558e+06	0
6.564e+06	0
6.57e+06	0
6.576e+06	0
6.582e+06	0
6.588e+06	0
6.594e+06	0
6.6e+06	0
6.606e+06	0
6.612e+06	0
6.618e+06	0
6.624e+06	0
6.63e+06	0
6.636e+06	0
6.642e+06	0
6.648e+06	0
6.654e+06	0
6.66e+06	0
6.666e+06	0
6.672e+06	0
6.678e+06	0
6.684e+06	0
6.69e+06	0
6.696e+06	0
6.702e+06	0
6.708e+06	0
6.714e+06	0
6.72e+06	0
6.726e+06	0
6.732e+06	0
6.738e+06	0
6.744e+06	0
6.75e+06	0
6.756e+06	0
6.762e+06	0
6.768e+06	0
6.774e+06	0
6.78e+06	0
6.786e+06	0
6.792e+06	0
6.798e+06	0
6.804e+06	0
6.81e+06	0
6.816e+06	0
6.822e+06	0
6.828e+06	0
6.834e+06	0
6.84e+06	0
6.846e+06	0
6.852e+06	0
6.858e+06	0
6.864e+06	0
6.87e+06	0
6.876e+06	0
6.882e+06	0
6.888e+06	0
6.894e+06	0
6.9e+06	0
6.906e+06	0
6.912e+06	0
6.918e+06	0
6.924e+06	0
6.93e+06	0
6.936e+06	0
6.942e+06	0
6.948e+06	0
6.954e+06	0
6.96e+06	0
6.966e+06	0
6.972e+06	0
6.978e+06	0
6.984e+06	0
6.99e+06	0
6.996e+06	0
7.002e+06	0
7.008e+06	0
7.014e+06	0
7.02e+06	0
7.026e+06	0
7.032e+06	0
7.038e+06	0
7.044e+06	0
7.05e+06	0
7.056e+06	0
7.062e+06	0
7.068e+06	0
7.074e+06	0
7.08e+06	0
7.086e+06	0
7.092e+06	0
7.098e+06	0
7.104e+06	0
7.11e+06	0
7.116e+06	0
7.122e+06	0
7.128e+06	0
7.134e+06	0
7.14e+06	0
7.146e+06	0
7.152e+06	0
7.158e+06	0
7.164e+06	0
7.17e+06	0
7.176e+06	0
7.182e+06	0
7.188e+06	0
7.194e+06	0
7.2e+06	0
7.206e+06	0
7.212e+06	0
7.218e+06	0
7.224e+06	0
7.23e+06	0
7.236e+06	0
7.242e+06	0
7.248e+06	0
7.254e+06	0
7.26e+06	0
7.266e+06	0
7.272e+06	0
7.278e+06	0
7.284e+06	0
7.29e+06	0
7.296e+06	0
7.302e+06	0
7.308e+06	0
7.314e+06	0
7.32e+06	0
7.326e+06	0
7.332e+06	0
7.338e+06	0
7.344e+06	0
7.35e+06	0
7.356e+06	0
7.362e+06	0
7.368e+06	0
7.374e+06	0
7.38e+06	0
7.386e+06	0
7.392e+06	0
7.398e+06	0
7.404e+06	0
7.41e+06	0
7.416e+06	0
7.422e+06	0
7.428e+06	0
7.434e+06	0
7.44e+06	0
7.446e+06	0
7.452e+06	0
7.458e+06	0
7.464e+06	0
7.47e+06	0
7.476e+06	0
7.482e+06	0
7.488e+06	0
7.494e+06	0
7.5e+06	0
7.506e+06	0
7.512e+06	0
7.518e+06	0
7.524e+06	0
7.53e+06	0
7.536e+06	0
7.542e+06	0
7.548e+06	0
7.554e+06	0
7.56e+06	0
7.566e+06	0
7.572e+06	0
7.578e+06	0
7.584e+06	0
7.59e+06	0
7.596e+06	0
7.602e+06	0
7.608e+06	0
7.614e+06	0
7.62e+06	0
7.626e+06	0
7.632e+06	0
7.638e+06	0
7.644e+06	0
7.65e+06	0
7.656e+06	0
7.662e+06	0
7.668e+06	0
7.674e+06	0
7.68e+06	0
7.686e+06	0
7.692e+06	0
7.698e+06	0
7.704e+06	0
7.71e+06	0
7.716e+06	0
7.722e+06	0
7.728e+06	0
7.734e+06	0
7.74e+06	0
7.746e+06	0
7.752e+06	0
7.758e+06	0
7.764e+06	0
7.77e+06	0
7.776e+06	0
7.782e+06	0
7.788e+06	0
7.794e+06	0
7.8e+06	0
7.806e+06	0
7.812e+06	0
7.818e+06	0
7.824e+06	0
7.83e+06	0
7.836e+06	0
7.842e+06	0
7.848e+06	0
7.854e+06	0
7.86e+06	0
7.866e+06	0
7.872e+06	0
7.878e+06	0
7.884e+06	0
7.89e+06	0
7.896e+06	0
7.902e+06	0
7.908e+06	0
7.914e+06	0
7.92e+06	0
7.926e+06	0
7.932e+06	0
7.938e+06	0
7.944e+06	0
7.95e+06	0
7.956e+06	0
7.962e+06	0
7.968e+06	0
7.974e+06	0
7.98e+06	0
7.986e+06	0
7.992e+06	0
7.998e+06	0
8.004e+06	0
8.01e+06	0
8.016e+06	0
8.022e+06	0
8.028e+06	0
8.034e+06	0
8.04e+06	0
8.046e+06	0
8.052e+06	0
8.058e+06	0
8.064e+06	0
8.07e+06	0
8.076e+06	0
8.082e+06	0
8.088e+06	0
8.094e+06	0
8.1e+06	0
8.106e+06	0
8.112e+06	0
8.118e+06	0
8.124e+06	0
8.13e+06	0
8.136e+06	0
8.142e+06	0
8.148e+06	0
8.154e+06	0
8.16e+06	0
8.166e+06	0
8.172e+06	0
8.178e+06	0
8.184e+06	0
8.19e+06	0
8.196e+06	0
8.202e+06	0
8.208e+06	0
8.214e+06	0
8.22e+06	0
8.226e+06	0
8.232e+06	0
8.238e+06	0
8.244e+06	0
8.25e+06	0
8.256e+06	0
8.262e+06	0
8.268e+06	0
8.274e+06	0
8.28e+06	0
8.286e+06	0
8.292e+06	0
8.298e+06	0
8.304e+06	0
8.31e+06	0
8.316e+06	0
8.322e+06	0
8.328e+06	0
8.334e+06	0
8.34e+06	0
8.346e+06	0
8.352e+06	0
8.358e+06	0
8.364e+06	0
8.37e+06	0
8.376e+06	0
8.382e+06	0
8.388e+06	0
8.394e+06	0
8.4e+06	0
8.406e+06	0
8.412e+06	0
8.418e+06	0
8.424e+06	0
8.43e+06	0
8.436e+06	0
8.442e+06	0
8.448e+06	0
8.454e+06	0
8.46e+06	0
8.466e+06	0
8.472e+06	0
8.478e+06	0
8.484e+06	0
8.49e+06	0
8.496e+06	0
8.502e+06	0
8.508e+06	0
8.514e+06	0
8.52e+06	0
8.526e+06	0
8.532e+06	0
8.538e+06	0
8.544e+06	0
8.55e+06	0
8.556e+06	0
8.562e+06	0
8.568e+06	0
8.574e+06	0
8.58e+06	0
8.586e+06	0
8.592e+06	0
8.598e+06	0
8.604e+06	0
8.61e+06	0
8.616e+06	0
8.622e+06	0
8.628e+06	0
8.634e+06	0
8.64e+06	0
8.646e+06	0
8.652e+06	0
8.658e+06	0
8.664e+06	0
8.67e+06	0
8.676e+06	0
8.682e+06	0
8.688e+06	0
8.694e+06	0
8.7e+06	0
8.706e+06	0
8.712e+06	0
8.718e+06	0
8.724e+06	0
8.73e+06	0
8.736e+06	0
8.742e+06	0
8.748e+06	0
8.754e+06	0
8.76e+06	0
8.766e+06	0
8.772e+06	0
8.778e+06	0
8.784e+06	0
8.79e+06	0
8.796e+06	0
8.802e+06	0
8.808e+06	0
8.814e+06	0
8.82e+06	0
8.826e+06	0
8.832e+06	0
8.838e+06	0
8.844e+06	0
8.85e+06	0
8.856e+06	0
8.862e+06	0
8.868e+06	0
8.874e+06	0
8.88e+06	0
8.886e+06	0
8.892e+06	0
8.898e+06	0
8.904e+06	0
8.91e+06	0
8.916e+06	0
8.922e+06	0
8.928e+06	0
8.934e+06	0
8.94e+06	0
8.946e+06	0
8.952e+06	0
8.958e+06	0
8.964e+06	0
8.97e+06	0
8.976e+06	0
8.982e+06	0
8.988e+06	0
8.994e+06	0
9e+06	0
9.006e+06	0
9.012e+06	0
9.018e+06	0
9.024e+06	0
9.03e+06	0
9.036e+06	0
9.042e+06	0
9.048e+06	0
9.054e+06	0
9.06e+06	0
9.066e+06	0
9.072e+06	0
9.078e+06	0
9.084e+06	0
9.09e+06	0
9.096e+06	0
9.102e+06	0
9.108e+06	0
9.114e+06	0
9.12e+06	0
9.126e+06	0
9.132e+06	0
9.138e+06	0
9.144e+06	0
9.15e+06	0
9.156e+06	0
9.162e+06	0
9.168e+06	0
9.174e+06	0
9.18e+06	0
9.186e+06	0
9.192e+06	0
9.198e+06	0
9.204e+06	0
9.21e+06	0
9.216e+06	0
9.222e+06	0
9.228e+06	0
9.234e+06	0
9.24e+06	0
9.246e+06	0
9.252e+06	0
9.258e+06	0
9.264e+06	0
9.27e+06	0
9.276e+06	0
9.282e+06	0
9.288e+06	0
9.294e+06	0
9.3e+06	0
9.306e+06	0
9.312e+06	0
9.318e+06	0
9.324e+06	0
9.33e+06	0
9.336e+06	0
9.342e+06	0
9.348e+06	0
9.354e+06	0
9.36e+06	0
9.366e+06	0
9.372e+06	0
9.378e+06	0
9.384e+06	0
9.39e+06	0
9.396e+06	0
9.402e+06	0
9.408e+06	0
9.414e+06	0
9.42e+06	0
9.426e+06	0
9.432e+06	0
9.438e+06	0
9.444e+06	0
9.45e+06	0
9.456e+06	0
9.462e+06	0
9.468e+06	0
9.474e+06	0
9.48e+06	0
9.486e+06	0
9.492e+06	0
9.498e+06	0
9.504e+06	0
9.51e+06	0
9.516e+06	0
9.522e+06	0
9.528e+06	0
9.534e+06	0
9.54e+06	0
9.546e+06	0
9.552e+06	0
9.558e+06	0
9.564e+06	0
9.57e+06	0
9.576e+06	0
9.582e+06	0
9.588e+06	0
9.594e+06	0
9.6e+06	0
9.606e+06	0
9.612e+06	0
9.618e+06	0
9.624e+06	0
9.63e+06	0
9.636e+06	0
9.642e+06	0
9.648e+06	0
9.654e+06	0
9.66e+06	0
9.666e+06	0
9.672e+06	0
9.678e+06	0
9.684e+06	0
9.69e+06	0
9.696e+06	0
9.702e+06	0
9.708e+06	0
9.714e+06	0
9.72e+06	0
9.726e+06	0
9.732e+06	0
9.738e+06	0
9.744e+06	0
9.75e+06	0
9.756e+06	0
9.762e+06	0
9.768e+06	0
9.774e+06	0
9.78e+06	0
9.786e+06	0
9.792e+06	0
9.798e+06	0
9.804e+06	0
9.81e+06	0
9.816e+06	0
9.822e+06	0
9.828e+06	0
9.834e+06	0
9.84e+06	0
9.846e+06	0
9.852e+06	0
9.858e+06	0
9.864e+06	0
9.87e+06	0
9.876e+06	0
9.882e+06	0
9.888e+06	0
9.894e+06	0
9.9e+06	0
9.906e+06	0
9.912e+06	0
9.918e+06	0
9.924e+06	0
9.93e+06	0
9.936e+06	0
9.942e+06	0
9.948e+06	0
9.954e+06	0
9.96e+06	0
9.966e+06	0
9.972e+06	0
9.978e+06	0
9.984e+06	0
9.99e+06	0
9.996e+06	0
1.0002e+07	0
1.0008e+07	0
1.0014e+07	0
1.002e+07	0
1.0026e+07	0
1.0032e+07	0
1.0038e+07	0
1.0044e+07	0
1.005e+07	0
1.0056e+07	0
1.0062e+07	0
1.0068e+07	0
1.0074e+07	0
1.008e+07	0
1.0086e+07	0
1.0092e+07	0
1.0098e+07	0
1.0104e+07	0
1.011e+07	0
1.0116e+07	0
1.0122e+07	0
1.0128e+07	0
1.0134e+07	0
1.014e+07	0
1.0146e+07	0
1.0152e+07	0
1.0158e+07	0
1.0164e+07	0
1.017e+07	0
1.0176e+07	0
1.0182e+07	0
1.0188e+07	0
1.0194e+07	0
1.02e+07	0
1.0206e+07	0
1.0212e+07	0
1.0218e+07	0
1.0224e+07	0
1.023e+07	0
1.0236e+07	0
1.0242e+07	0
1.0248e+07	0
1.0254e+07	0
1.026e+07	0
1.0266e+07	0
1.0272e+07	0
1.0278e+07	0
1.0284e+07	0
1.029e+07	0
1.0296e+07	0
1.0302e+07	0
1.0308e+07	0
1.0314e+07	0
1.032e+07	0
1.0326e+07	0
1.0332e+07	0
1.0338e+07	0
1.0344e+07	0
1.035e+07	0
1.0356e+07	0
1.0362e+07	0
1.0368e+07	0
1.0374e+07	0
1.038e+07	0
1.0386e+07	0
1.0392e+07	0
1.0398e+07	0
1.0404e+07	0
1.041e+07	0
1.0416e+07	0
1.0422e+07	0
1.0428e+07	0
1.0434e+07	0
1.044e+07	0
1.0446e+07	0
1.0452e+07	0
1.0458e+07	0
1.0464e+07	0
1.047e+07	0
1.0476e+07	0
1.0482e+07	0
1.0488e+07	0
1.0494e+07	0
1.05e+07	0
1.0506e+07	0
1.0512e+07	0
1.0518e+07	0
1.0524e+07	0
1.053e+07	0
1.0536e+07	0
1.0542e+07	0
1.0548e+07	0
1.0554e+07	0
1.056e+07	0
1.0566e+07	0
1.0572e+07	0
1.0578e+07	0
1.0584e+07	0
1.059e+07	0
1.0596e+07	0
1.0602e+07	0
1.0608e+07	0
1.0614e+07	0
1.062e+07	0
1.0626e+07	0
1.0632e+07	0
1.0638e+07	0
1.0644e+07	0
1.065e+07	0
1.0656e+07	0
1.0662e+07	0
1.0668e+07	0
1.0674e+07	0
1.068e+07	0
1.0686e+07	0
1.0692e+07	0
1.0698e+07	0
1.0704e+07	0
1.071e+07	0
1.0716e+07	0
1.0722e+07	0
1.0728e+07	0
1.0734e+07	0
1.074e+07	0
1.0746e+07	0
1.0752e+07	0
1.0758e+07	0
1.0764e+07	0
1.077e+07	0
1.0776e+07	0
1.0782e+07	0
1.0788e+07	0
1.0794e+07	0
1.08e+07	0
1.0806e+07	0
1.0812e+07	0
1.0818e+07	0
1.0824e+07	0
1.083e+07	0
1.0836e+07	0
1.0842e+07	0
1.0848e+07	0
1.0854e+07	0
1.086e+07	0
1.0866e+07	0
1.0872e+07	0
1.0878e+07	0
1.0884e+07	0
1.089e+07	0
1.0896e+07	0
1.0902e+07	0
1.0908e+07	0
1.0914e+07	0
1.092e+07	0
1.0926e+07	0
1.0932e+07	0
1.0938e+07	0
1.0944e+07	0
1.095e+07	0
1.0956e+07	0
1.0962e+07	0
1.0968e+07	0
1.0974e+07	0
1.098e+07	0
1.0986e+07	0
1.0992e+07	0
1.0998e+07	0
1.1004e+07	0
1.101e+07	0
1.1016e+07	0
1.1022e+07	0
1.1028e+07	0
1.1034e+07	0
1.104e+07	0
1.1046e+07	0
1.1052e+07	0
1.1058e+07	0
1.1064e+07	0
1.107e+07	0
1.1076e+07	0
1.1082e+07	0
1.1088e+07	0
1.1094e+07	0
1.11e+07	0
1.1106e+07	0
1.1112e+07	0
1.1118e+07	0
1.1124e+07	0
1.113e+07	0
1.1136e+07	0
1.1142e+07	0
1.1148e+07	0
1.1154e+07	0
1.116e+07	0
1.1166e+07	0
1.1172e+07	0
1.1178e+07	0
1.1184e+07	0
1.119e+07	0
1.1196e+07	0
1.1202e+07	0
1.1208e+07	0
1.1214e+07	0
1.122e+07	0
1.1226e+07	0
1.1232e+07	0
1.1238e+07	0
1.1244e+07	0
1.125e+07	0
1.1256e+07	0
1.1262e+07	0
1.1268e+07	0
1.1274e+07	0
1.128e+07	0
1.1286e+07	0
1.1292e+07	0
1.1298e+07	0
1.1304e+07	0
1.131e+07	0
1.1316e+07	0
1.1322e+07	0
1.1328e+07	0
1.1334e+07	0
1.134e+07	0
1.1346e+07	0
1.1352e+07	0
1.1358e+07	0
1.1364e+07	0
1.137e+07	0
1.1376e+07	0
1.1382e+07	0
1.1388e+07	0
1.1394e+07	0
1.14e+07	0
1.1406e+07	0
1.1412e+07	0
1.1418e+07	0
1.1424e+07	0
1.143e+07	0
1.1436e+07	0
1.1442e+07	0
1.1448e+07	0
1.1454e+07	0
1.146e+07	0
1.1466e+07	0
1.1472e+07	0
1.1478e+07	0
1.1484e+07	0
1.149e+07	0
1.1496e+07	0
1.1502e+07	0
1.1508e+07	0
1.1514e+07	0
1.152e+07	0
1.1526e+07	0
1.1532e+07	0
1.1538e+07	0
1.1544e+07	0
1.155e+07	0
1.1556e+07	0
1.1562e+07	0
1.1568e+07	0
1.1574e+07	0
1.158e+07	0
1.1586e+07	0
1.1592e+07	0
1.1598e+07	0
1.1604e+07	0
1.161e+07	0
1.1616e+07	0
1.1622e+07	0
1.1628e+07	0
1.1634e+07	0
1.164e+07	0
1.1646e+07	0
1.1652e+07	0
1.1658e+07	0
1.1664e+07	0
1.167e+07	0
1.1676e+07	0
1.1682e+07	0
1.1688e+07	0
1.1694e+07	0
1.17e+07	0
1.1706e+07	0
1.1712e+07	0
1.1718e+07	0
1.1724e+07	0
1.173e+07	0
1.1736e+07	0
1.1742e+07	0
1.1748e+07	0
1.1754e+07	0
1.176e+07	0
1.1766e+07	0
1.1772e+07	0
1.1778e+07	0
1.1784e+07	0
1.179e+07	0
1.1796e+07	0
1.1802e+07	0
1.1808e+07	0
1.1814e+07	0
1.182e+07	0
1.1826e+07	0
1.1832e+07	0
1.1838e+07	0
1.1844e+07	0
1.185e+07	0
1.1856e+07	0
1.1862e+07	0
1.1868e+07	0
1.1874e+07	0
1.188e+07	0
1.1886e+07	0
1.1892e+07	0
1.1898e+07	0
1.1904e+07	0
1.191e+07	0
1.1916e+07	0
1.1922e+07	0
1.1928e+07	0
1.1934e+07	0
1.194e+07	0
1.1946e+07	0
1.1952e+07	0
1.1958e+07	0
1.1964e+07	0
1.197e+07	0
1.1976e+07	0
1.1982e+07	0
1.1988e+07	0
1.1994e+07	0
1.2e+07	0
1.2006e+07	0
1.2012e+07	0
1.2018e+07	0
1.2024e+07	0
1.203e+07	0
1.2036e+07	0
1.2042e+07	0
1.2048e+07	0
1.2054e+07	0
1.206e+07	0
1.2066e+07	0
1.2072e+07	0
1.2078e+07	0
1.2084e+07	0
1.209e+07	0
1.2096e+07	0
1.2102e+07	0
1.2108e+07	0
1.2114e+07	0
1.212e+07	0
1.2126e+07	0
1.2132e+07	0
1.2138e+07	0
1.2144e+07	0
1.215e+07	0
1.2156e+07	0
1.2162e+07	0
1.2168e+07	0
1.2174e+07	0
1.218e+07	0
1.2186e+07	0
1.2192e+07	0
1.2198e+07	0
1.2204e+07	0
1.221e+07	0
1.2216e+07	0
1.2222e+07	0
1.2228e+07	0
1.2234e+07	0
1.224e+07	0
1.2246e+07	0
1.2252e+07	0
1.2258e+07	0
1.2264e+07	0
1.227e+07	0
1.2276e+07	0
1.2282e+07	0
1.2288e+07	0
1.2294e+07	0
1.23e+07	0
1.2306e+07	0
1.2312e+07	0
1.2318e+07	0
1.2324e+07	0
1.233e+07	0
1.2336e+07	0
1.2342e+07	0
1.2348e+07	0
1.2354e+07	0
1.236e+07	0
1.2366e+07	0
1.2372e+07	0
1.2378e+07	0
1.2384e+07	0
1.239e+07	0
1.2396e+07	0
1.2402e+07	0
1.2408e+07	0
1.2414e+07	0
1.242e+07	0
1.2426e+07	0
1.2432e+07	0
1.2438e+07	0
1.2444e+07	0
1.245e+07	0
1.2456e+07	0
1.2462e+07	0
1.2468e+07	0
1.2474e+07	0
1.248e+07	0
1.2486e+07	0
1.2492e+07	0
1.2498e+07	0
1.2504e+07	0
1.251e+07	0
1.2516e+07	0
1.2522e+07	0
1.2528e+07	0
1.2534e+07	0
1.254e+07	0
1.2546e+07	0
1.2552e+07	0
1.2558e+07	0
1.2564e+07	0
1.257e+07	0
1.2576e+07	0
1.2582e+07	0
1.2588e+07	0
1.2594e+07	0
1.26e+07	0
1.2606e+07	0
1.2612e+07	0
1.2618e+07	0
1.2624e+07	0
1.263e+07	0
1.2636e+07	0
1.2642e+07	0
1.2648e+07	0
1.2654e+07	0
1.266e+07	0
1.2666e+07	0
1.2672e+07	0
1.2678e+07	0
1.2684e+07	0
1.269e+07	0
1.2696e+07	0
1.2702e+07	0
1.2708e+07	0
1.2714e+07	0
1.272e+07	0
1.2726e+07	0
1.2732e+07	0
1.2738e+07	0
1.2744e+07	0
1.275e+07	0
1.2756e+07	0
1.2762e+07	0
1.2768e+07	0
1.2774e+07	0
1.278e+07	0
1.2786e+07	0
1.2792e+07	0
1.2798e+07	0
1.2804e+07	0
1.281e+07	0
1.2816e+07	0
1.2822e+07	0
1.2828e+07	0
1.2834e+07	0
1.284e+07	0
1.2846e+07	0
1.2852e+07	0
1.2858e+07	0
1.2864e+07	0
1.287e+07	0
1.2876e+07	0
1.2882e+07	0
1.2888e+07	0
1.2894e+07	0
1.29e+07	0
1.2906e+07	0
1.2912e+07	0
1.2918e+07	0
1.2924e+07	0
1.293e+07	0
1.2936e+07	0
1.2942e+07	0
1.2948e+07	0
1.2954e+07	0
1.296e+07	0
1.2966e+07	0
1.2972e+07	0
1.2978e+07	0
1.2984e+07	0
1.299e+07	0
1.2996e+07	0
1.3002e+07	0
1.3008e+07	0
1.3014e+07	0
1.302e+07	0
1.3026e+07	0
1.3032e+07	0
1.3038e+07	0
1.3044e+07	0
1.305e+07	0
1.3056e+07	0
1.3062e+07	0
1.3068e+07	0
1.3074e+07	0
1.308e+07	0
1.3086e+07	0
1.3092e+07	0
1.3098e+07	0
1.3104e+07	0
1.311e+07	0
1.3116e+07	0
1.3122e+07	0
1.3128e+07	0
1.3134e+07	0
1.314e+07	0
1.3146e+07	0
1.3152e+07	0
1.3158e+07	0
1.3164e+07	0
1.317e+07	0
1.3176e+07	0
1.3182e+07	0
1.3188e+07	0
1.3194e+07	0
1.32e+07	0
1.3206e+07	0
1.3212e+07	0
1.3218e+07	0
1.3224e+07	0
1.323e+07	0
1.3236e+07	0
1.3242e+07	0
1.3248e+07	0
1.3254e+07	0
1.326e+07	0
1.3266e+07	0
1.3272e+07	0
1.3278e+07	0
1.3284e+07	0
1.329e+07	0
1.3296e+07	0
1.3302e+07	0
1.3308e+07	0
1.3314e+07	0
1.332e+07	0
1.3326e+07	0
1.3332e+07	0
1.3338e+07	0
1.3344e+07	0
1.335e+07	0
1.3356e+07	0
1.3362e+07	0
1.3368e+07	0
1.3374e+07	0
1.338e+07	0
1.3386e+07	0
1.3392e+07	0
1.3398e+07	0
1.3404e+07	0
1.341e+07	0
1.3416e+07	0
1.3422e+07	0
1.3428e+07	0
1.3434e+07	0
1.344e+07	0
1.3446e+07	0
1.3452e+07	0
1.3458e+07	0
1.3464e+07	0
1.347e+07	0
1.3476e+07	0
1.3482e+07	0
1.3488e+07	0
1.3494e+07	0
1.35e+07	0
1.3506e+07	0
1.3512e+07	0
1.3518e+07	0
1.3524e+07	0
1.353e+07	0
1.3536e+07	0
1.3542e+07	0
1.3548e+07	0
1.3554e+07	0
1.356e+07	0
1.3566e+07	0
1.3572e+07	0
1.3578e+07	0
1.3584e+07	0
1.359e+07	0
1.3596e+07	0
1.3602e+07	0
1.3608e+07	0
1.3614e+07	0
1.362e+07	0
1.3626e+07	0
1.3632e+07	0
1.3638e+07	0
1.3644e+07	0
1.365e+07	0
1.3656e+07	0
1.3662e+07	0
1.3668e+07	0
1.3674e+07	0
1.368e+07	0
1.3686e+07	0
1.3692e+07	0
1.3698e+07	0
1.3704e+07	0
1.371e+07	0
1.3716e+07	0
1.3722e+07	0
1.3728e+07	0
1.3734e+07	0
1.374e+07	0
1.3746e+07	0
1.3752e+07	0
1.3758e+07	0
1.3764e+07	0
1.377e+07	0
1.3776e+07	0
1.3782e+07	0
1.3788e+07	0
1.3794e+07	0
1.38e+07	0
1.3806e+07	0
1.3812e+07	0
1.3818e+07	0
1.3824e+07	0
1.383e+07	0
1.3836e+07	0
1.3842e+07	0
1.3848e+07	0
1.3854e+07	0
1.386e+07	0
1.3866e+07	0
1.3872e+07	0
1.3878e+07	0
1.3884e+07	0
1.389e+07	0
1.3896e+07	0
1.3902e+07	0
1.3908e+07	0
1.3914e+07	0
1.392e+07	0
1.3926e+07	0
1.3932e+07	0
1.3938e+07	0
1.3944e+07	0
1.395e+07	0
1.3956e+07	0
1.3962e+07	0
1.3968e+07	0
1.3974e+07	0
1.398e+07	0
1.3986e+07	0
1.3992e+07	0
1.3998e+07	0
1.4004e+07	0
1.401e+07	0
1.4016e+07	0
1.4022e+07	0
1.4028e+07	0
1.4034e+07	0
1.404e+07	0
1.4046e+07	0
1.4052e+07	0
1.4058e+07	0
1.4064e+07	0
1.407e+07	0
1.4076e+07	0
1.4082e+07	0
1.4088e+07	0
1.4094e+07	0
1.41e+07	0
1.4106e+07	0
1.4112e+07	0
1.4118e+07	0
1.4124e+07	0
1.413e+07	0
1.4136e+07	0
1.4142e+07	0
1.4148e+07	0
1.4154e+07	0
1.416e+07	0
1.4166e+07	0
1.4172e+07	0
1.4178e+07	0
1.4184e+07	0
1.419e+07	0
1.4196e+07	0
1.4202e+07	0
1.4208e+07	0
1.4214e+07	0
1.422e+07	0
1.4226e+07	0
1.4232e+07	0
1.4238e+07	0
1.4244e+07	0
1.425e+07	0
1.4256e+07	0
1.4262e+07	0
1.4268e+07	0
1.4274e+07	0
1.428e+07	0
1.4286e+07	0
1.4292e+07	0
1.4298e+07	0
1.4304e+07	0
1.431e+07	0
1.4316e+07	0
1.4322e+07	0
1.4328e+07	0
1.4334e+07	0
1.434e+07	0
1.4346e+07	0
1.4352e+07	0
1.4358e+07	0
1.4364e+07	0
1.437e+07	0
1.4376e+07	0
1.4382e+07	0
1.4388e+07	0
1.4394e+07	0
1.44e+07	0
1.4406e+07	0
1.4412e+07	0
1.4418e+07	0
1.4424e+07	0
1.443e+07	0
1.4436e+07	0
1.4442e+07	0
1.4448e+07	0
1.4454e+07	0
1.446e+07	0
1.4466e+07	0
1.4472e+07	0
1.4478e+07	0
1.4484e+07	0
1.449e+07	0
1.4496e+07	0
1.4502e+07	0
1.4508e+07	0
1.4514e+07	0
1.452e+07	0
1.4526e+07	0
1.4532e+07	0
1.4538e+07	0
1.4544e+07	0
1.455e+07	0
1.4556e+07	0
1.4562e+07	0
1.4568e+07	0
1.4574e+07	0
1.458e+07	0
1.4586e+07	0
1.4592e+07	0
1.4598e+07	0
1.4604e+07	0
1.461e+07	0
1.4616e+07	0
1.4622e+07	0
1.4628e+07	0
1.4634e+07	0
1.464e+07	0
1.4646e+07	0
1.4652e+07	0
1.4658e+07	0
1.4664e+07	0
1.467e+07	0
1.4676e+07	0
1.4682e+07	0
1.4688e+07	0
1.4694e+07	0
1.47e+07	0
1.4706e+07	0
1.4712e+07	0
1.4718e+07	0
1.4724e+07	0
1.473e+07	0
1.4736e+07	0
1.4742e+07	0
1.4748e+07	0
1.4754e+07	0
1.476e+07	0
1.4766e+07	0
1.4772e+07	0
1.4778e+07	0
1.4784e+07	0
1.479e+07	0
1.4796e+07	0
1.4802e+07	0
1.4808e+07	0
1.4814e+07	0
1.482e+07	0
1.4826e+07	0
1.4832e+07	0
1.4838e+07	0
1.4844e+07	0
1.485e+07	0
1.4856e+07	0
1.4862e+07	0
1.4868e+07	0
1.4874e+07	0
1.488e+07	0
1.4886e+07	0
1.4892e+07	0
1.4898e+07	0
1.4904e+07	0
1.491e+07	0
1.4916e+07	0
1.4922e+07	0
1.4928e+07	0
1.4934e+07	0
1.494e+07	0
1.4946e+07	0
1.4952e+07	0
1.4958e+07	0
1.4964e+07	0
1.497e+07	0
1.4976e+07	0
1.4982e+07	0
1.4988e+07	0
1.4994e+07	0
1.5e+07	0
1.5006e+07	0
1.5012e+07	0
1.5018e+07	0
1.5024e+07	0
1.503e+07	0
1.5036e+07	0
1.5042e+07	0
1.5048e+07	0
1.5054e+07	0
1.506e+07	0
1.5066e+07	0
1.5072e+07	0
1.5078e+07	0
1.5084e+07	0
1.509e+07	0
1.5096e+07	0
1.5102e+07	0
1.5108e+07	0
1.5114e+07	0
1.512e+07	0
1.5126e+07	0
1.5132e+07	0
1.5138e+07	0
1.5144e+07	0
1.515e+07	0
1.5156e+07	0
1.5162e+07	0
1.5168e+07	0
1.5174e+07	0
1.518e+07	0
1.5186e+07	0
1.5192e+07	0
1.5198e+07	0
1.5204e+07	0
1.521e+07	0
1.5216e+07	0
1.5222e+07	0
1.5228e+07	0
1.5234e+07	0
1.524e+07	0
1.5246e+07	0
1.5252e+07	0
1.5258e+07	0
1.5264e+07	0
1.527e+07	0
1.5276e+07	0
1.5282e+07	0
1.5288e+07	0
1.5294e+07	0
1.53e+07	0
1.5306e+07	0
1.5312e+07	0
1.5318e+07	0
1.5324e+07	0
1.533e+07	0
1.5336e+07	0
1.5342e+07	0
1.5348e+07	0
1.5354e+07	0
1.536e+07	0
1.5366e+07	0
1.5372e+07	0
1.5378e+07	0
1.5384e+07	0
1.539e+07	0
1.5396e+07	0
1.5402e+07	0
1.5408e+07	0
1.5414e+07	0
1.542e+07	0
1.5426e+07	0
1.5432e+07	0
1.5438e+07	0
1.5444e+07	0
1.545e+07	0
1.5456e+07	0
1.5462e+07	0
1.5468e+07	0
1.5474e+07	0
1.548e+07	0
1.5486e+07	0
1.5492e+07	0
1.5498e+07	0
1.5504e+07	0
1.551e+07	0
1.5516e+07	0
1.5522e+07	0
1.5528e+07	0
1.5534e+07	0
1.554e+07	0
1.5546e+07	0
1.5552e+07	0
1.5558e+07	0
1.5564e+07	0
1.557e+07	0
1.5576e+07	0
1.5582e+07	0
1.5588e+07	0
1.5594e+07	0
1.56e+07	0
1.5606e+07	0
1.5612e+07	0
1.5618e+07	0
1.5624e+07	0
1.563e+07	0
1.5636e+07	0
1.5642e+07	0
1.5648e+07	0
1.5654e+07	0
1.566e+07	0
1.5666e+07	0
1.5672e+07	0
1.5678e+07	0
1.5684e+07	0
1.569e+07	0
1.5696e+07	0
1.5702e+07	0
1.5708e+07	0
1.5714e+07	0
1.572e+07	0
1.5726e+07	0
1.5732e+07	0
1.5738e+07	0
1.5744e+07	0
1.575e+07	0
1.5756e+07	0
1.5762e+07	0
1.5768e+07	0
1.5774e+07	0
1.578e+07	0
1.5786e+07	0
1.5792e+07	0
1.5798e+07	0
1.5804e+07	0
1.581e+07	0
1.5816e+07	0
1.5822e+07	0
1.5828e+07	0
1.5834e+07	0
1.584e+07	0
1.5846e+07	0
1.5852e+07	0
1.5858e+07	0
1.5864e+07	0
1.587e+07	0
1.5876e+07	0
1.5882e+07	0
1.5888e+07	0
1.5894e+07	0
1.59e+07	0
1.5906e+07	0
1.5912e+07	0
1.5918e+07	0
1.5924e+07	0
1.593e+07	0
1.5936e+07	0
1.5942e+07	0
1.5948e+07	0
1.5954e+07	0
1.596e+07	0
1.5966e+07	0
1.5972e+07	0
1.5978e+07	0
1.5984e+07	0
1.599e+07	0
1.5996e+07	0
1.6002e+07	0
1.6008e+07	0
1.6014e+07	0
1.602e+07	0
1.6026e+07	0
1.6032e+07	0
1.6038e+07	0
1.6044e+07	0
1.605e+07	0
1.6056e+07	0
1.6062e+07	0
1.6068e+07	0
1.6074e+07	0
1.608e+07	0
1.6086e+07	0
1.6092e+07	0
1.6098e+07	0
1.6104e+07	0
1.611e+07	0
1.6116e+07	0
1.6122e+07	0
1.6128e+07	0
1.6134e+07	0
1.614e+07	0
1.6146e+07	0
1.6152e+07	0
1.6158e+07	0
1.6164e+07	0
1.617e+07	0
1.6176e+07	0
1.6182e+07	0
1.6188e+07	0
1.6194e+07	0
1.62e+07	0
1.6206e+07	0
1.6212e+07	0
1.6218e+07	0
1.6224e+07	0
1.623e+07	0
1.6236e+07	0
1.6242e+07	0
1.6248e+07	0
1.6254e+07	0
1.626e+07	0
1.6266e+07	0
1.6272e+07	0
1.6278e+07	0
1.6284e+07	0
1.629e+07	0
1.6296e+07	0
1.6302e+07	0
1.6308e+07	0
1.6314e+07	0
1.632e+07	0
1.6326e+07	0
1.6332e+07	0
1.6338e+07	0
1.6344e+07	0
1.635e+07	0
1.6356e+07	0
1.6362e+07	0
1.6368e+07	0
1.6374e+07	0
1.638e+07	0
1.6386e+07	0
1.6392e+07	0
1.6398e+07	0
1.6404e+07	0
1.641e+07	0
1.6416e+07	0
1.6422e+07	0
1.6428e+07	0
1.6434e+07	0
1.644e+07	0
1.6446e+07	0
1.6452e+07	0
1.6458e+07	0
1.6464e+07	0
1.647e+07	0
1.6476e+07	0
1.6482e+07	0
1.6488e+07	0
1.6494e+07	0
1.65e+07	0
1.6506e+07	0
1.6512e+07	0
1.6518e+07	0
1.6524e+07	0
1.653e+07	0
1.6536e+07	0
1.6542e+07	0
1.6548e+07	0
1.6554e+07	0
1.656e+07	0
1.6566e+07	0
1.6572e+07	0
1.6578e+07	0
1.6584e+07	0
1.659e+07	0
1.6596e+07	0
1.6602e+07	0
1.6608e+07	0
1.6614e+07	0
1.662e+07	0
1.6626e+07	0
1.6632e+07	0
1.6638e+07	0
1.6644e+07	0
1.665e+07	0
1.6656e+07	0
1.6662e+07	0
1.6668e+07	0
1.6674e+07	0
1.668e+07	0
1.6686e+07	0
1.6692e+07	0
1.6698e+07	0
1.6704e+07	0
1.671e+07	0
1.6716e+07	0
1.6722e+07	0
1.6728e+07	0
1.6734e+07	0
1.674e+07	0
1.6746e+07	0
1.6752e+07	0
1.6758e+07	0
1.6764e+07	0
1.677e+07	0
1.6776e+07	0
1.6782e+07	0
1.6788e+07	0
1.6794e+07	0
1.68e+07	0
1.6806e+07	0
1.6812e+07	0
1.6818e+07	0
1.6824e+07	0
1.683e+07	0
1.6836e+07	0
1.6842e+07	0
1.6848e+07	0
1.6854e+07	0
1.686e+07	0
1.6866e+07	0
1.6872e+07	0
1.6878e+07	0
1.6884e+07	0
1.689e+07	0
1.6896e+07	0
1.6902e+07	0
1.6908e+07	0
1.6914e+07	0
1.692e+07	0
1.6926e+07	0
1.6932e+07	0
1.6938e+07	0
1.6944e+07	0
1.695e+07	0
1.6956e+07	0
1.6962e+07	0
1.6968e+07	0
1.6974e+07	0
1.698e+07	0
1.6986e+07	0
1.6992e+07	0
1.6998e+07	0
1.7004e+07	0
1.701e+07	0
1.7016e+07	0
1.7022e+07	0
1.7028e+07	0
1.7034e+07	0
1.704e+07	0
1.7046e+07	0
1.7052e+07	0
1.7058e+07	0
1.7064e+07	0
1.707e+07	0
1.7076e+07	0
1.7082e+07	0
1.7088e+07	0
1.7094e+07	0
1.71e+07	0
1.7106e+07	0
1.7112e+07	0
1.7118e+07	0
1.7124e+07	0
1.713e+07	0
1.7136e+07	0
1.7142e+07	0
1.7148e+07	0
1.7154e+07	0
1.716e+07	0
1.7166e+07	0
1.7172e+07	0
1.7178e+07	0
1.7184e+07	0
1.719e+07	0
1.7196e+07	0
1.7202e+07	0
1.7208e+07	0
1.7214e+07	0
1.722e+07	0
1.7226e+07	0
1.7232e+07	0
1.7238e+07	0
1.7244e+07	0
1.725e+07	0
1.7256e+07	0
1.7262e+07	0
1.7268e+07	0
1.7274e+07	0
1.728e+07	0
1.7286e+07	0
1.7292e+07	0
1.7298e+07	0
1.7304e+07	0
1.731e+07	0
1.7316e+07	0
1.7322e+07	0
1.7328e+07	0
1.7334e+07	0
1.734e+07	0
1.7346e+07	0
1.7352e+07	0
1.7358e+07	0
1.7364e+07	0
1.737e+07	0
1.7376e+07	0
1.7382e+07	0
1.7388e+07	0
1.7394e+07	0
1.74e+07	0
1.7406e+07	0
1.7412e+07	0
1.7418e+07	0
1.7424e+07	0
1.743e+07	0
1.7436e+07	0
1.7442e+07	0
1.7448e+07	0
1.7454e+07	0
1.746e+07	0
1.7466e+07	0
1.7472e+07	0
1.7478e+07	0
1.7484e+07	0
1.749e+07	0
1.7496e+07	0
1.7502e+07	0
1.7508e+07	0
1.7514e+07	0
1.752e+07	0
1.7526e+07	0
1.7532e+07	0
1.7538e+07	0
1.7544e+07	0
1.755e+07	0
1.7556e+07	0
1.7562e+07	0
1.7568e+07	0
1.7574e+07	0
1.758e+07	0
1.7586e+07	0
1.7592e+07	0
1.7598e+07	0
1.7604e+07	0
1.761e+07	0
1.7616e+07	0
1.7622e+07	0
1.7628e+07	0
1.7634e+07	0
1.764e+07	0
1.7646e+07	0
1.7652e+07	0
1.7658e+07	0
1.7664e+07	0
1.767e+07	0
1.7676e+07	0
1.7682e+07	0
1.7688e+07	0
1.7694e+07	0
1.77e+07	0
1.7706e+07	0
1.7712e+07	0
1.7718e+07	0
1.7724e+07	0
1.773e+07	0
1.7736e+07	0
1.7742e+07	0
1.7748e+07	0
1.7754e+07	0
1.776e+07	0
1.7766e+07	0
1.7772e+07	0
1.7778e+07	0
1.7784e+07	0
1.779e+07	0
1.7796e+07	0
1.7802e+07	0
1.7808e+07	0
1.7814e+07	0
1.782e+07	0
1.7826e+07	0
1.7832e+07	0
1.7838e+07	0
1.7844e+07	0
1.785e+07	0
1.7856e+07	0
1.7862e+07	0
1.7868e+07	0
1.7874e+07	0
1.788e+07	0
1.7886e+07	0
1.7892e+07	0
1.7898e+07	0
1.7904e+07	0
1.791e+07	0
1.7916e+07	0
1.7922e+07	0
1.7928e+07	0
1.7934e+07	0
1.794e+07	0
1.7946e+07	0
1.7952e+07	0
1.7958e+07	0
1.7964e+07	0
1.797e+07	0
1.7976e+07	0
1.7982e+07	0
1.7988e+07	0
1.7994e+07	0
1.8e+07	0
1.8006e+07	0
1.8012e+07	0
1.8018e+07	0
1.8024e+07	0
1.803e+07	0
1.8036e+07	0
1.8042e+07	0
1.8048e+07	0
1.8054e+07	0
1.806e+07	0
1.8066e+07	0
1.8072e+07	0
1.8078e+07	0
1.8084e+07	0
1.809e+07	0
1.8096e+07	0
1.8102e+07	0
1.8108e+07	0
1.8114e+07	0
1.812e+07	0
1.8126e+07	0
1.8132e+07	0
1.8138e+07	0
1.8144e+07	0
1.815e+07	0
1.8156e+07	0
1.8162e+07	0
1.8168e+07	0
1.8174e+07	0
1.818e+07	0
1.8186e+07	0
1.8192e+07	0
1.8198e+07	0
1.8204e+07	0
1.821e+07	0
1.8216e+07	0
1.8222e+07	0
1.8228e+07	0
1.8234e+07	0
1.824e+07	0
1.8246e+07	0
1.8252e+07	0
1.8258e+07	0
1.8264e+07	0
1.827e+07	0
1.8276e+07	0
1.8282e+07	0
1.8288e+07	0
1.8294e+07	0
1.83e+07	0
1.8306e+07	0
1.8312e+07	0
1.8318e+07	0
1.8324e+07	0
1.833e+07	0
1.8336e+07	0
1.8342e+07	0
1.8348e+07	0
1.8354e+07	0
1.836e+07	0
1.8366e+07	0
1.8372e+07	0
1.8378e+07	0
1.8384e+07	0
1.839e+07	0
1.8396e+07	0
1.8402e+07	0
1.8408e+07	0
1.8414e+07	0
1.842e+07	0
1.8426e+07	0
1.8432e+07	0
1.8438e+07	0
1.8444e+07	0
1.845e+07	0
1.8456e+07	0
1.8462e+07	0
1.8468e+07	0
1.8474e+07	0
1.848e+07	0
1.8486e+07	0
1.8492e+07	0
1.8498e+07	0
1.8504e+07	0
1.851e+07	0
1.8516e+07	0
1.8522e+07	0
1.8528e+07	0
1.8534e+07	0
1.854e+07	0
1.8546e+07	0
1.8552e+07	0
1.8558e+07	0
1.8564e+07	0
1.857e+07	0
1.8576e+07	0
1.8582e+07	0
1.8588e+07	0
1.8594e+07	0
1.86e+07	0
1.8606e+07	0
1.8612e+07	0
1.8618e+07	0
1.8624e+07	0
1.863e+07	0
1.8636e+07	0
1.8642e+07	0
1.8648e+07	0
1.8654e+07	0
1.866e+07	0
1.8666e+07	0
1.8672e+07	0
1.8678e+07	0
1.8684e+07	0
1.869e+07	0
1.8696e+07	0
1.8702e+07	0
1.8708e+07	0
1.8714e+07	0
1.872e+07	0
1.8726e+07	0
1.8732e+07	0
1.8738e+07	0
1.8744e+07	0
1.875e+07	0
1.8756e+07	0
1.8762e+07	0
1.8768e+07	0
1.8774e+07	0
1.878e+07	0
1.8786e+07	0
1.8792e+07	0
1.8798e+07	0
1.8804e+07	0
1.881e+07	0
1.8816e+07	0
1.8822e+07	0
1.8828e+07	0
1.8834e+07	0
1.884e+07	0
1.8846e+07	0
1.8852e+07	0
1.8858e+07	0
1.8864e+07	0
1.887e+07	0
1.8876e+07	0
1.8882e+07	0
1.8888e+07	0
1.8894e+07	0
1.89e+07	0
1.8906e+07	0
1.8912e+07	0
1.8918e+07	0
1.8924e+07	0
1.893e+07	0
1.8936e+07	0
1.8942e+07	0
1.8948e+07	0
1.8954e+07	0
1.896e+07	0
1.8966e+07	0
1.8972e+07	0
1.8978e+07	0
1.8984e+07	0
1.899e+07	0
1.8996e+07	0
1.9002e+07	0
1.9008e+07	0
1.9014e+07	0
1.902e+07	0
1.9026e+07	0
1.9032e+07	0
1.9038e+07	0
1.9044e+07	0
1.905e+07	0
1.9056e+07	0
1.9062e+07	0
1.9068e+07	0
1.9074e+07	0
1.908e+07	0
1.9086e+07	0
1.9092e+07	0
1.9098e+07	0
1.9104e+07	0
1.911e+07	0
1.9116e+07	0
1.9122e+07	0
1.9128e+07	0
1.9134e+07	0
1.914e+07	0
1.9146e+07	0
1.9152e+07	0
1.9158e+07	0
1.9164e+07	0
1.917e+07	0
1.9176e+07	0
1.9182e+07	0
1.9188e+07	0
1.9194e+07	0
1.92e+07	0
1.9206e+07	0
1.9212e+07	0
1.9218e+07	0
1.9224e+07	0
1.923e+07	0
1.9236e+07	0
1.9242e+07	0
1.9248e+07	0
1.9254e+07	0
1.926e+07	0
1.9266e+07	0
1.9272e+07	0
1.9278e+07	0
1.9284e+07	0
1.929e+07	0
1.9296e+07	0
1.9302e+07	0
1.9308e+07	0
1.9314e+07	0
1.932e+07	0
1.9326e+07	0
1.9332e+07	0
1.9338e+07	0
1.9344e+07	0
1.935e+07	0
1.9356e+07	0
1.9362e+07	0
1.9368e+07	0
1.9374e+07	0
1.938e+07	0
1.9386e+07	0
1.9392e+07	0
1.9398e+07	0
1.9404e+07	0
1.941e+07	0
1.9416e+07	0
1.9422e+07	0
1.9428e+07	0
1.9434e+07	0
1.944e+07	0
1.9446e+07	0
1.9452e+07	0
1.9458e+07	0
1.9464e+07	0
1.947e+07	0
1.9476e+07	0
1.9482e+07	0
1.9488e+07	0
1.9494e+07	0
1.95e+07	0
1.9506e+07	0
1.9512e+07	0
1.9518e+07	0
1.9524e+07	0
1.953e+07	0
1.9536e+07	0
1.9542e+07	0
1.9548e+07	0
1.9554e+07	0
1.956e+07	0
1.9566e+07	0
1.9572e+07	0
1.9578e+07	0
1.9584e+07	0
1.959e+07	0
1.9596e+07	0
1.9602e+07	0
1.9608e+07	0
1.9614e+07	0
1.962e+07	0
1.9626e+07	0
1.9632e+07	0
1.9638e+07	0
1.9644e+07	0
1.965e+07	0
1.9656e+07	0
1.9662e+07	0
1.9668e+07	0
1.9674e+07	0
1.968e+07	0
1.9686e+07	0
1.9692e+07	0
1.9698e+07	0
1.9704e+07	0
1.971e+07	0
1.9716e+07	0
1.9722e+07	0
1.9728e+07	0
1.9734e+07	0
1.974e+07	0
1.9746e+07	0
1.9752e+07	0
1.9758e+07	0
1.9764e+07	0
1.977e+07	0
1.9776e+07	0
1.9782e+07	0
1.9788e+07	0
1.9794e+07	0
1.98e+07	0
1.9806e+07	0
1.9812e+07	0
1.9818e+07	0
1.9824e+07	0
1.983e+07	0
1.9836e+07	0
1.9842e+07	0
1.9848e+07	0
1.9854e+07	0
1.986e+07	0
1.9866e+07	0
1.9872e+07	0
1.9878e+07	0
1.9884e+07	0
1.989e+07	0
1.9896e+07	0
1.9902e+07	0
1.9908e+07	0
1.9914e+07	0
1.992e+07	0
1.9926e+07	0
1.9932e+07	0
1.9938e+07	0
1.9944e+07	0
1.995e+07	0
1.9956e+07	0
