1	1	-0.667558	0	-0.014144
2	1	-0.395334	0	-0.467792
3	1	-0.281635	0	-0.351864
4	1	-0.251494	0	-0.4373
5	1	-0.217233	0	-0.568153
6	1	-0.180191	0	-0.662319
7	1	-0.147015	0	-0.720808
8	1	-0.120089	0	-0.77381
9	1	-0.0978857	0	-0.819067
10	1	-0.0796994	0	-0.855147
11	1	-0.0650269	0	-0.883746
12	1	-0.0532946	0	-0.906675
13	1	-0.0439683	0	-0.925034
14	1	-0.0365982	0	-0.939673
15	1	-0.0308098	0	-0.95134
16	1	-0.0262933	0	-0.960648
17	1	-0.0227961	0	-0.968078
18	1	-0.020114	0	-0.974015
19	1	-0.018083	0	-0.978764
20	1	-0.0165716	0	-0.982568
21	1	-0.0154748	0	-0.985621
22	1	-0.0147086	0	-0.988074
23	1	-0.0142062	0	-0.990049
24	1	-0.0139143	0	-0.991642
25	1	-0.0137904	0	-0.992929
26	1	-0.0138005	0	-0.993971
27	1	-0.0139176	0	-0.994817
28	1	-0.0141201	0	-0.995505
29	1	-0.0143908	0	-0.996067
30	1	-0.0147159	0	-0.996526
31	1	-0.0150843	0	-0.996902
32	1	-0.0154873	0	-0.997211
33	1	-0.0159178	0	-0.997467
34	1	-0.0163702	0	-0.997678
35	1	-0.0168398	0	-0.997854
36	1	-0.0173232	0	-0.998001
37	1	-0.0178173	0	-0.998123
38	1	-0.0183199	0	-0.998227
39	1	-0.0188291	0	-0.998314
40	1	-0.0193433	0	-0.998388
41	1	-0.0198614	0	-0.998451
42	1	-0.0203825	0	-0.998505
43	1	-0.0209057	0	-0.998551
44	1	-0.0214305	0	-0.998591
45	1	-0.0219563	0	-0.998625
46	1	-0.0224828	0	-0.998655
47	1	-0.0230097	0	-0.998681
48	1	-0.0235366	0	-0.998704
49	1	-0.0240635	0	-0.998724
50	1	-0.0245901	0	-0.998741
51	1	-0.0251163	0	-0.998756
52	1	-0.0256421	0	-0.998769
53	1	-0.0261673	0	-0.99878
54	1	-0.026692	0	-0.99879
55	1	-0.027216	0	-0.998798
56	1	-0.0277393	0	-0.998805
57	1	-0.028262	0	-0.99881
58	1	-0.0287839	0	-0.998815
59	1	-0.0293052	0	-0.998818
60	1	-0.0298257	0	-0.998821
61	1	-0.0303454	0	-0.998822
62	1	-0.0308645	0	-0.998823
63	1	-0.0313828	0	-0.998823
64	1	-0.0319004	0	-0.998822
65	1	-0.0324172	0	-0.99882
66	1	-0.0329333	0	-0.998818
67	1	-0.0334488	0	-0.998814
68	1	-0.0339635	0	-0.99881
69	1	-0.0344774	0	-0.998806
70	1	-0.0349907	0	-0.9988
71	1	-0.0355033	0	-0.998795
72	1	-0.0360152	0	-0.998788
73	1	-0.0365264	0	-0.998781
74	1	-0.0370369	0	-0.998773
75	1	-0.0375468	0	-0.998765
76	1	-0.0380559	0	-0.998756
77	1	-0.0385644	0	-0.998746
78	1	-0.0390722	0	-0.998736
79	1	-0.0395794	0	-0.998725
80	1	-0.0400859	0	-0.998714
81	1	-0.0405918	0	-0.998702
82	1	-0.041097	0	-0.99869
83	1	-0.0416015	0	-0.998677
84	1	-0.0421054	0	-0.998663
85	1	-0.0426087	0	-0.998649
86	1	-0.0431113	0	-0.998635
87	1	-0.0436133	0	-0.99862
88	1	-0.0441146	0	-0.998604
89	1	-0.0446153	0	-0.998589
90	1	-0.0451154	0	-0.998572
91	1	-0.0456148	0	-0.998555
92	1	-0.0461136	0	-0.998538
93	1	-0.0466118	0	-0.99852
94	1	-0.0471094	0	-0.998501
95	1	-0.0476063	0	-0.998482
96	1	-0.0481026	0	-0.998463
97	1	-0.0485983	0	-0.998443
98	1	-0.0490933	0	-0.998423
99	1	-0.0495878	0	-0.998402
100	1	-0.0500816	0	-0.998381
101	1	-0.0505747	0	-0.998359
102	1	-0.0510673	0	-0.998337
103	1	-0.0515593	0	-0.998314
104	1	-0.0520506	0	-0.998291
105	1	-0.0525413	0	-0.998268
106	1	-0.0530314	0	-0.998244
107	1	-0.0535208	0	-0.998219
108	1	-0.0540097	0	-0.998194
109	1	-0.0544979	0	-0.998169
110	1	-0.0549855	0	-0.998143
111	1	-0.0554725	0	-0.998117
112	1	-0.0559588	0	-0.99809
113	1	-0.0564446	0	-0.998063
114	1	-0.0569297	0	-0.998035
115	1	-0.0574142	0	-0.998007
116	1	-0.057898	0	-0.997979
117	1	-0.0583813	0	-0.99795
118	1	-0.0588639	0	-0.997921
119	1	-0.0593459	0	-0.997891
120	1	-0.0598273	0	-0.997861
121	1	-0.060308	0	-0.99783
122	1	-0.0607881	0	-0.997799
123	1	-0.0612676	0	-0.997767
124	1	-0.0617464	0	-0.997735
125	1	-0.0622247	0	-0.997703
126	1	-0.0627023	0	-0.99767
127	1	-0.0631794	0	-0.997637
128	1	-0.0636558	0	-0.997603
129	1	-0.0641316	0	-0.997569
130	1	-0.0646067	0	-0.997534
131	1	-0.0650812	0	-0.997499
132	1	-0.065555	0	-0.997464
133	1	-0.0660282	0	-0.997428
134	1	-0.0665008	0	-0.997392
135	1	-0.0669728	0	-0.997355
136	1	-0.0674441	0	-0.997318
137	1	-0.0679148	0	-0.99728
138	1	-0.0683848	0	-0.997242
139	1	-0.0688542	0	-0.997204
140	1	-0.069323	0	-0.997165
141	1	-0.0697911	0	-0.997125
142	1	-0.0702586	0	-0.997086
143	1	-0.0707254	0	-0.997045
144	1	-0.0711916	0	-0.997005
145	1	-0.0716571	0	-0.996964
146	1	-0.072122	0	-0.996922
147	1	-0.0725862	0	-0.99688
148	1	-0.0730498	0	-0.996838
149	1	-0.0735127	0	-0.996795
150	1	-0.073975	0	-0.996752
151	1	-0.0744366	0	-0.996708
152	1	-0.0748975	0	-0.996664
153	1	-0.0753578	0	-0.996619
154	1	-0.0758175	0	-0.996574
155	1	-0.0762764	0	-0.996529
156	1	-0.0767346	0	-0.996483
157	1	-0.0771923	0	-0.996437
158	1	-0.0776493	0	-0.99639
159	1	-0.0781056	0	-0.996343
160	1	-0.0785611	0	-0.996295
161	1	-0.0790161	0	-0.996247
162	1	-0.0794704	0	-0.996199
163	1	-0.079924	0	-0.99615
164	1	-0.0803769	0	-0.996101
165	1	-0.0808292	0	-0.996051
166	1	-0.0812808	0	-0.996001
167	1	-0.0817316	0	-0.99595
168	1	-0.0821817	0	-0.995899
169	1	-0.0826313	0	-0.995847
170	1	-0.0830801	0	-0.995795
171	1	-0.0835282	0	-0.995743
172	1	-0.0839756	0	-0.99569
173	1	-0.0844224	0	-0.995637
174	1	-0.0848685	0	-0.995583
175	1	-0.0853138	0	-0.995529
176	1	-0.0857585	0	-0.995474
177	1	-0.0862025	0	-0.995419
178	1	-0.0866457	0	-0.995363
179	1	-0.0870882	0	-0.995307
180	1	-0.0875301	0	-0.995251
181	1	-0.0879713	0	-0.995194
182	1	-0.0884117	0	-0.995137
183	1	-0.0888514	0	-0.995079
184	1	-0.0892904	0	-0.995021
185	1	-0.0897288	0	-0.994962
186	1	-0.0901663	0	-0.994903
187	1	-0.0906031	0	-0.994843
188	1	-0.0910394	0	-0.994783
189	1	-0.0914748	0	-0.994722
190	1	-0.0919094	0	-0.994662
191	1	-0.0923434	0	-0.9946
192	1	-0.0927767	0	-0.994538
193	1	-0.0932092	0	-0.994476
194	1	-0.0936409	0	-0.994413
195	1	-0.0940721	0	-0.99435
196	1	-0.0945024	0	-0.994286
197	1	-0.0949319	0	-0.994222
198	1	-0.0953608	0	-0.994157
199	1	-0.095789	0	-0.994092
200	1	-0.0962163	0	-0.994027
201	1	-0.0966428	0	-0.993961
202	1	-0.0970688	0	-0.993894
203	1	-0.097494	0	-0.993827
204	1	-0.0979183	0	-0.99376
205	1	-0.0983419	0	-0.993692
206	1	-0.0987648	0	-0.993624
207	1	-0.0991869	0	-0.993555
208	1	-0.0996082	0	-0.993485
209	1	-0.100029	0	-0.993416
210	1	-0.100449	0	-0.993345
211	1	-0.100868	0	-0.993275
212	1	-0.101286	0	-0.993204
213	1	-0.101704	0	-0.993132
214	1	-0.10212	0	-0.99306
215	1	-0.102536	0	-0.992987
216	1	-0.102952	0	-0.992914
217	1	-0.103366	0	-0.992841
218	1	-0.10378	0	-0.992767
219	1	-0.104193	0	-0.992692
220	1	-0.104605	0	-0.992617
221	1	-0.105016	0	-0.992542
222	1	-0.105427	0	-0.992466
223	1	-0.105836	0	-0.992389
224	1	-0.106245	0	-0.992313
225	1	-0.106654	0	-0.992235
226	1	-0.107061	0	-0.992157
227	1	-0.107468	0	-0.992079
228	1	-0.107873	0	-0.992
229	1	-0.108278	0	-0.991921
230	1	-0.108682	0	-0.991841
231	1	-0.109086	0	-0.991761
232	1	-0.109489	0	-0.99168
233	1	-0.10989	0	-0.991599
234	1	-0.110291	0	-0.991517
235	1	-0.110691	0	-0.991435
236	1	-0.111091	0	-0.991352
237	1	-0.111489	0	-0.991269
238	1	-0.111887	0	-0.991185
239	1	-0.112284	0	-0.991101
240	1	-0.11268	0	-0.991016
241	1	-0.113075	0	-0.990931
242	1	-0.11347	0	-0.990845
243	1	-0.113863	0	-0.990759
244	1	-0.114256	0	-0.990672
245	1	-0.114648	0	-0.990585
246	1	-0.115039	0	-0.990498
247	1	-0.115429	0	-0.990409
248	1	-0.115818	0	-0.990321
249	1	-0.116207	0	-0.990231
250	1	-0.116595	0	-0.990142
251	1	-0.116982	0	-0.990052
252	1	-0.117368	0	-0.989961
253	1	-0.117753	0	-0.98987
254	1	-0.118137	0	-0.989778
255	1	-0.118521	0	-0.989686
256	1	-0.118903	0	-0.989593
257	1	-0.119285	0	-0.9895
258	1	-0.119666	0	-0.989406
259	1	-0.120046	0	-0.989311
260	1	-0.120425	0	-0.989217
261	1	-0.120803	0	-0.989121
262	1	-0.121181	0	-0.989025
263	1	-0.121557	0	-0.988929
264	1	-0.121933	0	-0.988832
265	1	-0.122308	0	-0.988735
266	1	-0.122682	0	-0.988637
267	1	-0.123055	0	-0.988538
268	1	-0.123427	0	-0.988439
269	1	-0.123799	0	-0.98834
270	1	-0.12417	0	-0.98824
271	1	-0.124539	0	-0.988139
272	1	-0.124908	0	-0.988038
273	1	-0.125277	0	-0.987936
274	1	-0.125644	0	-0.987834
275	1	-0.126011	0	-0.987731
276	1	-0.126378	0	-0.987628
277	1	-0.126743	0	-0.987524
278	1	-0.127108	0	-0.987419
279	1	-0.127473	0	-0.987314
280	1	-0.127837	0	-0.987208
281	1	-0.1282	0	-0.987102
282	1	-0.128563	0	-0.986994
283	1	-0.128926	0	-0.986887
284	1	-0.129289	0	-0.986778
285	1	-0.129651	0	-0.986669
286	1	-0.130013	0	-0.986559
287	1	-0.130375	0	-0.986448
288	1	-0.130737	0	-0.986337
289	1	-0.131098	0	-0.986224
290	1	-0.131459	0	-0.986112
291	1	-0.13182	0	-0.985998
292	1	-0.13218	0	-0.985884
293	1	-0.13254	0	-0.985769
294	1	-0.132899	0	-0.985653
295	1	-0.133257	0	-0.985537
296	1	-0.133615	0	-0.98542
297	1	-0.133971	0	-0.985302
298	1	-0.134326	0	-0.985184
299	1	-0.134679	0	-0.985066
300	1	-0.135031	0	-0.984947
301	1	-0.135382	0	-0.984828
302	1	-0.135729	0	-0.984708
303	1	-0.136076	0	-0.984588
304	1	-0.13642	0	-0.984467
305	1	-0.136762	0	-0.984347
306	1	-0.137102	0	-0.984226
307	1	-0.137441	0	-0.984105
308	1	-0.137777	0	-0.983983
309	1	-0.138113	0	-0.983861
310	1	-0.138446	0	-0.983738
311	1	-0.138779	0	-0.983615
312	1	-0.139111	0	-0.983492
313	1	-0.139442	0	-0.983368
314	1	-0.139772	0	-0.983243
315	1	-0.140102	0	-0.983117
316	1	-0.140432	0	-0.982991
317	1	-0.140762	0	-0.982864
318	1	-0.141092	0	-0.982736
319	1	-0.141421	0	-0.982607
320	1	-0.141751	0	-0.982478
321	1	-0.14208	0	-0.982347
322	1	-0.142408	0	-0.982216
323	1	-0.142735	0	-0.982085
324	1	-0.143061	0	-0.981952
325	1	-0.143387	0	-0.981819
326	1	-0.14371	0	-0.981685
327	1	-0.144032	0	-0.981551
328	1	-0.144352	0	-0.981417
329	1	-0.14467	0	-0.981282
330	1	-0.144986	0	-0.981147
331	1	-0.1453	0	-0.981011
332	1	-0.145613	0	-0.980876
333	1	-0.145924	0	-0.980739
334	1	-0.146234	0	-0.980603
335	1	-0.146542	0	-0.980465
336	1	-0.146849	0	-0.980328
337	1	-0.147156	0	-0.980189
338	1	-0.147462	0	-0.98005
339	1	-0.147767	0	-0.97991
340	1	-0.148072	0	-0.97977
341	1	-0.148377	0	-0.979628
342	1	-0.148682	0	-0.979486
343	1	-0.148986	0	-0.979343
344	1	-0.14929	0	-0.979199
345	1	-0.149593	0	-0.979054
346	1	-0.149895	0	-0.978909
347	1	-0.150196	0	-0.978762
348	1	-0.150496	0	-0.978616
349	1	-0.150794	0	-0.978468
350	1	-0.151091	0	-0.97832
351	1	-0.151386	0	-0.978172
352	1	-0.151679	0	-0.978023
353	1	-0.15197	0	-0.977874
354	1	-0.152259	0	-0.977724
355	1	-0.152547	0	-0.977574
356	1	-0.152833	0	-0.977424
357	1	-0.153118	0	-0.977273
358	1	-0.153401	0	-0.977122
359	1	-0.153684	0	-0.97697
360	1	-0.153965	0	-0.976817
361	1	-0.154246	0	-0.976664
362	1	-0.154526	0	-0.97651
363	1	-0.154806	0	-0.976355
364	1	-0.155086	0	-0.976199
365	1	-0.155365	0	-0.976042
366	1	-0.155643	0	-0.975885
367	1	-0.155921	0	-0.975727
368	1	-0.156198	0	-0.975567
369	1	-0.156474	0	-0.975407
370	1	-0.156749	0	-0.975247
371	1	-0.157022	0	-0.975086
372	1	-0.157294	0	-0.974924
373	1	-0.157565	0	-0.974761
374	1	-0.157833	0	-0.974598
375	1	-0.1581	0	-0.974435
376	1	-0.158365	0	-0.974271
377	1	-0.158628	0	-0.974106
378	1	-0.15889	0	-0.973942
379	1	-0.15915	0	-0.973776
380	1	-0.159408	0	-0.973611
381	1	-0.159665	0	-0.973444
382	1	-0.159921	0	-0.973278
383	1	-0.160177	0	-0.97311
384	1	-0.160431	0	-0.972942
385	1	-0.160684	0	-0.972773
386	1	-0.160936	0	-0.972604
387	1	-0.161189	0	-0.972433
388	1	-0.16144	0	-0.972262
389	1	-0.16169	0	-0.97209
390	1	-0.16194	0	-0.971917
391	1	-0.162189	0	-0.971743
392	1	-0.162438	0	-0.971568
393	1	-0.162685	0	-0.971392
394	1	-0.162931	0	-0.971216
395	1	-0.163175	0	-0.971039
396	1	-0.163419	0	-0.970861
397	1	-0.16366	0	-0.970683
398	1	-0.1639	0	-0.970504
399	1	-0.164138	0	-0.970324
400	1	-0.164375	0	-0.970144
401	1	-0.16461	0	-0.969964
402	1	-0.164843	0	-0.969783
403	1	-0.165075	0	-0.969601
404	1	-0.165304	0	-0.969419
405	1	-0.165532	0	-0.969237
406	1	-0.16576	0	-0.969054
407	1	-0.165986	0	-0.96887
408	1	-0.16621	0	-0.968686
409	1	-0.166433	0	-0.968501
410	1	-0.166655	0	-0.968315
411	1	-0.166877	0	-0.968129
412	1	-0.167098	0	-0.967942
413	1	-0.167317	0	-0.967754
414	1	-0.167536	0	-0.967565
415	1	-0.167754	0	-0.967375
416	1	-0.167971	0	-0.967185
417	1	-0.168187	0	-0.966993
418	1	-0.168402	0	-0.966801
419	1	-0.168616	0	-0.966608
420	1	-0.168829	0	-0.966414
421	1	-0.169041	0	-0.966219
422	1	-0.169251	0	-0.966024
423	1	-0.16946	0	-0.965828
424	1	-0.169667	0	-0.965631
425	1	-0.169872	0	-0.965433
426	1	-0.170077	0	-0.965235
427	1	-0.17028	0	-0.965036
428	1	-0.17048	0	-0.964836
429	1	-0.170679	0	-0.964636
430	1	-0.170877	0	-0.964436
431	1	-0.171073	0	-0.964235
432	1	-0.171267	0	-0.964033
433	1	-0.17146	0	-0.96383
434	1	-0.171651	0	-0.963627
435	1	-0.171841	0	-0.963424
436	1	-0.172029	0	-0.96322
437	1	-0.172216	0	-0.963015
438	1	-0.172402	0	-0.96281
439	1	-0.172586	0	-0.962604
440	1	-0.172769	0	-0.962397
441	1	-0.172952	0	-0.962189
442	1	-0.173133	0	-0.961981
443	1	-0.173313	0	-0.961772
444	1	-0.173491	0	-0.961562
445	1	-0.173669	0	-0.961351
446	1	-0.173845	0	-0.96114
447	1	-0.174021	0	-0.960927
448	1	-0.174195	0	-0.960714
449	1	-0.174368	0	-0.9605
450	1	-0.17454	0	-0.960285
451	1	-0.17471	0	-0.960069
452	1	-0.17488	0	-0.959853
453	1	-0.175048	0	-0.959635
454	1	-0.175215	0	-0.959417
455	1	-0.17538	0	-0.959198
456	1	-0.175544	0	-0.958978
457	1	-0.175706	0	-0.958757
458	1	-0.175867	0	-0.958536
459	1	-0.176027	0	-0.958314
460	1	-0.176185	0	-0.958091
461	1	-0.176341	0	-0.957867
462	1	-0.176495	0	-0.957643
463	1	-0.176648	0	-0.957418
464	1	-0.1768	0	-0.957192
465	1	-0.17695	0	-0.956966
466	1	-0.177098	0	-0.956739
467	1	-0.177245	0	-0.956511
468	1	-0.17739	0	-0.956283
469	1	-0.177534	0	-0.956054
470	1	-0.177676	0	-0.955824
471	1	-0.177817	0	-0.955593
472	1	-0.177955	0	-0.955362
473	1	-0.178092	0	-0.955131
474	1	-0.178228	0	-0.954898
475	1	-0.178363	0	-0.954665
476	1	-0.178496	0	-0.954431
477	1	-0.178628	0	-0.954196
478	1	-0.178757	0	-0.953961
479	1	-0.178886	0	-0.953725
480	1	-0.179013	0	-0.953488
481	1	-0.179139	0	-0.953251
482	1	-0.179263	0	-0.953012
483	1	-0.179386	0	-0.952773
484	1	-0.179507	0	-0.952534
485	1	-0.179627	0	-0.952293
486	1	-0.179746	0	-0.952052
487	1	-0.179864	0	-0.951809
488	1	-0.17998	0	-0.951566
489	1	-0.180095	0	-0.951323
490	1	-0.180207	0	-0.951078
491	1	-0.180319	0	-0.950833
492	1	-0.180429	0	-0.950586
493	1	-0.180539	0	-0.950339
494	1	-0.180646	0	-0.950091
495	1	-0.180752	0	-0.949843
496	1	-0.180856	0	-0.949593
497	1	-0.180959	0	-0.949343
498	1	-0.181061	0	-0.949092
499	1	-0.181162	0	-0.94884
500	1	-0.18126	0	-0.948587
501	1	-0.181357	0	-0.948333
502	1	-0.181453	0	-0.948079
503	1	-0.181547	0	-0.947824
504	1	-0.181639	0	-0.947568
505	1	-0.181731	0	-0.947311
506	1	-0.181821	0	-0.947053
507	1	-0.181909	0	-0.946795
508	1	-0.181995	0	-0.946535
509	1	-0.182079	0	-0.946275
510	1	-0.182163	0	-0.946014
511	1	-0.182245	0	-0.945753
512	1	-0.182326	0	-0.94549
513	1	-0.182404	0	-0.945226
514	1	-0.182481	0	-0.944962
515	1	-0.182556	0	-0.944698
516	1	-0.18263	0	-0.944432
517	1	-0.182703	0	-0.944165
518	1	-0.182774	0	-0.943898
519	1	-0.182843	0	-0.943629
520	1	-0.18291	0	-0.94336
521	1	-0.182976	0	-0.943091
522	1	-0.18304	0	-0.94282
523	1	-0.183103	0	-0.942549
524	1	-0.183164	0	-0.942276
525	1	-0.183224	0	-0.942003
526	1	-0.183281	0	-0.941729
527	1	-0.183337	0	-0.941455
528	1	-0.183392	0	-0.94118
529	1	-0.183445	0	-0.940904
530	1	-0.183496	0	-0.940626
531	1	-0.183546	0	-0.940348
532	1	-0.183594	0	-0.94007
533	1	-0.183641	0	-0.93979
534	1	-0.183685	0	-0.93951
535	1	-0.183728	0	-0.939229
536	1	-0.18377	0	-0.938947
537	1	-0.18381	0	-0.938664
538	1	-0.183849	0	-0.93838
539	1	-0.183885	0	-0.938096
540	1	-0.18392	0	-0.937811
541	1	-0.183953	0	-0.937525
542	1	-0.183985	0	-0.937239
543	1	-0.184015	0	-0.936951
544	1	-0.184043	0	-0.936662
545	1	-0.18407	0	-0.936373
546	1	-0.184095	0	-0.936083
547	1	-0.184118	0	-0.935792
548	1	-0.184139	0	-0.935501
549	1	-0.18416	0	-0.935208
550	1	-0.184178	0	-0.934914
551	1	-0.184195	0	-0.93462
552	1	-0.18421	0	-0.934325
553	1	-0.184223	0	-0.934029
554	1	-0.184234	0	-0.933733
555	1	-0.184244	0	-0.933435
556	1	-0.184252	0	-0.933137
557	1	-0.184259	0	-0.932838
558	1	-0.184264	0	-0.932538
559	1	-0.184267	0	-0.932237
560	1	-0.184268	0	-0.931935
561	1	-0.184267	0	-0.931633
562	1	-0.184265	0	-0.93133
563	1	-0.184261	0	-0.931026
564	1	-0.184256	0	-0.93072
565	1	-0.184249	0	-0.930414
566	1	-0.18424	0	-0.930108
567	1	-0.184229	0	-0.9298
568	1	-0.184216	0	-0.929492
569	1	-0.184202	0	-0.929183
570	1	-0.184186	0	-0.928873
571	1	-0.184168	0	-0.928562
572	1	-0.184149	0	-0.92825
573	1	-0.184128	0	-0.927937
574	1	-0.184105	0	-0.927623
575	1	-0.18408	0	-0.927309
576	1	-0.184053	0	-0.926994
577	1	-0.184024	0	-0.926678
578	1	-0.183995	0	-0.926361
579	1	-0.183963	0	-0.926042
580	1	-0.18393	0	-0.925723
581	1	-0.183894	0	-0.925403
582	1	-0.183857	0	-0.925083
583	1	-0.183818	0	-0.924761
584	1	-0.183777	0	-0.924439
585	1	-0.183735	0	-0.924115
586	1	-0.183691	0	-0.923791
587	1	-0.183646	0	-0.923465
588	1	-0.183599	0	-0.923138
589	1	-0.183549	0	-0.922811
590	1	-0.183498	0	-0.922483
591	1	-0.183445	0	-0.922154
592	1	-0.183391	0	-0.921824
593	1	-0.183335	0	-0.921493
594	1	-0.183277	0	-0.92116
595	1	-0.183218	0	-0.920827
596	1	-0.183157	0	-0.920493
597	1	-0.183094	0	-0.920158
598	1	-0.183029	0	-0.919823
599	1	-0.182963	0	-0.919486
600	1	-0.182895	0	-0.919149
601	1	-0.182826	0	-0.91881
602	1	-0.182755	0	-0.91847
603	1	-0.182682	0	-0.91813
604	1	-0.182608	0	-0.917788
605	1	-0.182531	0	-0.917447
606	1	-0.182453	0	-0.917104
607	1	-0.182373	0	-0.916761
608	1	-0.182291	0	-0.916416
609	1	-0.182208	0	-0.916071
610	1	-0.182123	0	-0.915725
611	1	-0.182037	0	-0.915378
612	1	-0.181948	0	-0.915031
613	1	-0.181857	0	-0.914683
614	1	-0.181764	0	-0.914334
615	1	-0.181669	0	-0.913985
616	1	-0.181573	0	-0.913635
617	1	-0.181475	0	-0.913284
618	1	-0.181375	0	-0.912933
619	1	-0.181272	0	-0.91258
620	1	-0.181168	0	-0.912227
621	1	-0.181061	0	-0.911874
622	1	-0.180952	0	-0.911519
623	1	-0.18084	0	-0.911164
624	1	-0.180727	0	-0.910808
625	1	-0.180613	0	-0.910451
626	1	-0.180496	0	-0.910093
627	1	-0.180377	0	-0.909734
628	1	-0.180256	0	-0.909374
629	1	-0.180132	0	-0.909012
630	1	-0.180006	0	-0.90865
631	1	-0.179878	0	-0.908287
632	1	-0.179749	0	-0.907923
633	1	-0.179618	0	-0.907557
634	1	-0.179485	0	-0.90719
635	1	-0.179351	0	-0.906821
636	1	-0.179214	0	-0.906451
637	1	-0.179076	0	-0.90608
638	1	-0.178936	0	-0.905708
639	1	-0.178794	0	-0.905335
640	1	-0.17865	0	-0.90496
641	1	-0.178507	0	-0.904585
642	1	-0.178359	0	-0.904209
643	1	-0.178213	0	-0.903829
644	1	-0.178067	0	-0.903453
645	1	-0.177905	0	-0.903073
646	1	-0.177772	0	-0.902686
647	1	-0.17761	0	-0.90232
648	1	-0.177419	0	-0.901927
649	1	-0.177357	0	-0.901534
650	1	-0.177087	0	-0.901208
651	1	-0.176915	0	-0.900737
652	1	-0.177052	0	-0.900397
653	1	-0.176306	0	-0.900141
654	1	-0.176603	0	-0.899398
655	1	-0.176839	0	-0.899437
656	1	-0.174854	0	-0.899019
657	1	-0.177291	0	-0.897788
658	1	-0.175941	0	-0.899073
659	1	-0.172719	0	-0.897259
660	1	-0.180341	0	-0.896255
661	1	-0.171925	0	-0.899609
662	1	-0.172263	0	-0.893649
663	1	-0.185142	0	-0.896442
664	1	-0.162355	0	-0.899803
665	1	-0.17911	0	-0.887992
666	1	-0.18517	0	-0.900135
667	1	-0.151282	0	-0.896278
668	1	-0.194003	0	-0.884438
669	1	-0.1738	0	-0.904573
670	1	-0.151807	0	-0.888266
671	1	-0.200368	0	-0.888056
672	1	-0.161052	0	-0.902353
673	1	-0.166146	0	-0.884803
674	1	-0.184911	0	-0.892333
675	1	-0.169468	0	-0.893335
676	1	-0.167476	0	-0.892168
677	1	-0.169649	0	-0.886162
678	1	-0.188776	0	-0.890975
679	1	-0.152613	0	-0.896053
680	1	-0.175502	0	-0.879501
681	1	-0.183014	0	-0.893444
682	1	-0.160494	0	-0.889984
683	1	-0.168632	0	-0.886849
684	1	-0.174613	0	-0.883984
685	1	-0.180218	0	-0.891197
686	1	-0.149798	0	-0.889243
687	1	-0.181194	0	-0.878475
688	1	-0.174386	0	-0.891124
689	1	-0.164543	0	-0.886
690	1	-0.160754	0	-0.885472
691	1	-0.179607	0	-0.878431
692	1	-0.173723	0	-0.891447
693	1	-0.152263	0	-0.882882
694	1	-0.174736	0	-0.880195
695	1	-0.173062	0	-0.8827
696	1	-0.169867	0	-0.887128
697	1	-0.149975	0	-0.881341
698	1	-0.18154	0	-0.876132
699	1	-0.168423	0	-0.88592
700	1	-0.163814	0	-0.88209
701	1	-0.154193	0	-0.879806
702	1	-0.181449	0	-0.874096
703	1	-0.166339	0	-0.886526
704	1	-0.157844	0	-0.878203
705	1	-0.159747	0	-0.877779
706	1	-0.178203	0	-0.873346
707	1	-0.165539	0	-0.885249
708	1	-0.153223	0	-0.875623
709	1	-0.163749	0	-0.875466
710	1	-0.174612	0	-0.872862
711	1	-0.165166	0	-0.883158
712	1	-0.150009	0	-0.873888
713	1	-0.165389	0	-0.873151
714	1	-0.171804	0	-0.871962
715	1	-0.165015	0	-0.880929
716	1	-0.147802	0	-0.872569
717	1	-0.164787	0	-0.871019
718	1	-0.16985	0	-0.870343
719	1	-0.165197	0	-0.878812
720	1	-0.146379	0	-0.87144
721	1	-0.162262	0	-0.869208
722	1	-0.168368	0	-0.86795
723	1	-0.165829	0	-0.876766
724	1	-0.145956	0	-0.870411
725	1	-0.158119	0	-0.867889
726	1	-0.166771	0	-0.864915
727	1	-0.166753	0	-0.874582
728	1	-0.14712	0	-0.869419
729	1	-0.152786	0	-0.867245
730	1	-0.164388	0	-0.861608
731	1	-0.167323	0	-0.871947
732	1	-0.150529	0	-0.868309
733	1	-0.147117	0	-0.867312
734	1	-0.160698	0	-0.858679
735	1	-0.166357	0	-0.86853
736	1	-0.156322	0	-0.866779
737	1	-0.142598	0	-0.86776
738	1	-0.155738	0	-0.857002
739	1	-0.162463	0	-0.864219
740	1	-0.163319	0	-0.864508
741	1	-0.141171	0	-0.867773
742	1	-0.150482	0	-0.857331
743	1	-0.155047	0	-0.85946
744	1	-0.168463	0	-0.861419
745	1	-0.144414	0	-0.866166
746	1	-0.14671	0	-0.859623
747	1	-0.145768	0	-0.855443
748	1	-0.167473	0	-0.857966
749	1	-0.151949	0	-0.861995
750	1	-0.146052	0	-0.862463
751	1	-0.139005	0	-0.853648
752	1	-0.157734	0	-0.855127
753	1	-0.159817	0	-0.855699
754	1	-0.148652	0	-0.863212
755	1	-0.139392	0	-0.854583
756	1	-0.142436	0	-0.853798
757	1	-0.161252	0	-0.849932
758	1	-0.152266	0	-0.85935
759	1	-0.147122	0	-0.85668
760	1	-0.13144	0	-0.853845
761	1	-0.152277	0	-0.848132
762	1	-0.152784	0	-0.851219
763	1	-0.15559	0	-0.856755
764	1	-0.134361	0	-0.853795
765	1	-0.138071	0	-0.850811
766	1	-0.147528	0	-0.84412
767	1	-0.155183	0	-0.852362
768	1	-0.14909	0	-0.85188
769	1	-0.130947	0	-0.85381
770	1	-0.139486	0	-0.844129
771	1	-0.143139	0	-0.84517
772	1	-0.158683	0	-0.847817
773	1	-0.138774	0	-0.851631
774	1	-0.135455	0	-0.849593
775	1	-0.131171	0	-0.841439
776	1	-0.147961	0	-0.843585
777	1	-0.152172	0	-0.844015
778	1	-0.138867	0	-0.851424
779	1	-0.132961	0	-0.844351
780	1	-0.127368	0	-0.841846
781	1	-0.149684	0	-0.838446
782	1	-0.144939	0	-0.843683
783	1	-0.143484	0	-0.847591
784	1	-0.125109	0	-0.842767
785	1	-0.130189	0	-0.840178
786	1	-0.14263	0	-0.834536
787	1	-0.145204	0	-0.842738
788	1	-0.143143	0	-0.842864
789	1	-0.121888	0	-0.843362
790	1	-0.130788	0	-0.836389
791	1	-0.133326	0	-0.833391
792	1	-0.148394	0	-0.838679
793	1	-0.138643	0	-0.83995
794	1	-0.125295	0	-0.842665
795	1	-0.125493	0	-0.833432
796	1	-0.12776	0	-0.832822
797	1	-0.147499	0	-0.83295
798	1	-0.135598	0	-0.838228
799	1	-0.130639	0	-0.839899
800	1	-0.118117	0	-0.832771
801	1	-0.125144	0	-0.831234
802	1	-0.140436	0	-0.82783
803	1	-0.135782	0	-0.835637
804	1	-0.134029	0	-0.835938
805	1	-0.113804	0	-0.833177
806	1	-0.122891	0	-0.828499
807	1	-0.130677	0	-0.823812
808	1	-0.138744	0	-0.830986
809	1	-0.137233	0	-0.832143
810	1	-0.116343	0	-0.834897
811	1	-0.118996	0	-0.828971
812	1	-0.115551	0	-0.824793
813	1	-0.130038	0	-0.827157
814	1	-0.127421	0	-0.82692
815	1	-0.114532	0	-0.829626
816	1	-0.115007	0	-0.820687
817	1	-0.113726	0	-0.815569
818	1	-0.140824	0	-0.815017
819	1	-0.145565	0	-0.820632
820	1	-0.140193	0	-0.83218
821	1	-0.123996	0	-0.831897
822	1	-0.103293	0	-0.830326
823	1	-0.113325	0	-0.821815
824	1	-0.115675	0	-0.818668
825	1	-0.128505	0	-0.822767
826	1	-0.121337	0	-0.823615
827	1	-0.105207	0	-0.826651
828	1	-0.105566	0	-0.8202
829	1	-0.0998298	0	-0.816692
830	1	-0.117026	0	-0.815852
831	1	-0.116412	0	-0.815411
832	1	-0.109752	0	-0.819821
833	1	-0.106899	0	-0.815737
834	1	-0.095307	0	-0.813891
835	1	-0.11004	0	-0.810839
836	1	-0.112141	0	-0.809284
837	1	-0.114817	0	-0.814135
838	1	-0.112331	0	-0.812648
839	1	-0.0956028	0	-0.813061
840	1	-0.102737	0	-0.808693
841	1	-0.102745	0	-0.80458
842	1	-0.114114	0	-0.807512
843	1	-0.118727	0	-0.808058
844	1	-0.101498	0	-0.81249
845	1	-0.099541	0	-0.809829
846	1	-0.09068	0	-0.803308
847	1	-0.102663	0	-0.801244
848	1	-0.116915	0	-0.80089
849	1	-0.10913	0	-0.809313
850	1	-0.106277	0	-0.810457
851	1	-0.0843959	0	-0.80396
852	1	-0.0829893	0	-0.800259
853	1	-0.104524	0	-0.797499
854	1	-0.113935	0	-0.801124
855	1	-0.112575	0	-0.803058
856	1	-0.0807509	0	-0.806467
857	1	-0.077708	0	-0.808615
858	1	-0.100856	0	-0.795288
859	1	-0.0960176	0	-0.788882
860	1	-0.0965123	0	-0.799384
861	1	-0.0960913	0	-0.808128
862	1	-0.0945829	0	-0.805281
863	1	-0.0896631	0	-0.796397
864	1	-0.0783506	0	-0.796739
865	1	-0.0915641	0	-0.794942
866	1	-0.0928561	0	-0.792808
867	1	-0.0959477	0	-0.803465
868	1	-0.111029	0	-0.802241
869	1	-0.0862057	0	-0.797512
870	1	-0.0709175	0	-0.796361
871	1	-0.0920502	0	-0.788022
872	1	-0.0952178	0	-0.792038
873	1	-0.107052	0	-0.795103
874	1	-0.110099	0	-0.801409
875	1	-0.0803935	0	-0.795152
876	1	-0.0904928	0	-0.785383
877	1	-0.0820747	0	-0.792218
878	1	-0.0877838	0	-0.780159
879	1	-0.100392	0	-0.790727
880	1	-0.0939174	0	-0.792262
881	1	-0.0984258	0	-0.787446
882	1	-0.0698701	0	-0.789183
883	1	-0.0679964	0	-0.782433
884	1	-0.0678252	0	-0.770702
885	1	-0.0854411	0	-0.778869
886	1	-0.0895388	0	-0.784645
887	1	-0.0817851	0	-0.780401
888	1	-0.0757758	0	-0.787191
889	1	-0.0830061	0	-0.780677
890	1	-0.065452	0	-0.776054
891	1	-0.0853253	0	-0.775983
892	1	-0.0811576	0	-0.782104
893	1	-0.0874606	0	-0.783629
894	1	-0.0901198	0	-0.78425
895	1	-0.0608233	0	-0.782813
896	1	-0.0668798	0	-0.778068
897	1	-0.0970423	0	-0.768344
898	1	-0.0695851	0	-0.772138
899	1	-0.0884171	0	-0.774763
900	1	-0.0743578	0	-0.780325
901	1	-0.0616765	0	-0.782062
902	1	-0.0592877	0	-0.775458
903	1	-0.0440513	0	-0.773667
904	1	-0.0615309	0	-0.770788
905	1	-0.075089	0	-0.772417
906	1	-0.0747897	0	-0.774021
907	1	-0.0808046	0	-0.777087
908	1	-0.0490546	0	-0.776744
909	1	-0.0594982	0	-0.772549
910	1	-0.0579155	0	-0.765462
911	1	-0.0702307	0	-0.767008
912	1	-0.0806764	0	-0.765723
913	1	-0.0739458	0	-0.768085
914	1	-0.0593135	0	-0.766606
915	1	-0.0606582	0	-0.768996
916	1	-0.050964	0	-0.767177
917	1	-0.0477945	0	-0.762941
918	1	-0.0414554	0	-0.756841
919	1	-0.0676051	0	-0.751787
920	1	-0.0669423	0	-0.763603
921	1	-0.0716767	0	-0.769518
922	1	-0.0481754	0	-0.764164
923	1	-0.0536565	0	-0.763004
924	1	-0.053703	0	-0.757936
925	1	-0.0534664	0	-0.753047
926	1	-0.0523201	0	-0.753314
927	1	-0.0742211	0	-0.75836
928	1	-0.057237	0	-0.761478
929	1	-0.0618985	0	-0.763428
930	1	-0.039091	0	-0.758045
931	1	-0.0457126	0	-0.754062
932	1	-0.0500984	0	-0.749296
933	1	-0.100764	0	-0.746739
934	1	-0.0711036	0	-0.752335
935	1	-0.0569632	0	-0.756229
936	1	-0.0605677	0	-0.747851
937	1	-0.0483865	0	-0.75281
938	1	-0.0548253	0	-0.751296
939	1	-0.0509357	0	-0.749222
940	1	-0.0356063	0	-0.743108
941	1	-0.0580149	0	-0.744831
942	1	-0.0498675	0	-0.755841
943	1	-0.0649983	0	-0.755562
944	1	-0.0449408	0	-0.753034
945	1	-0.0406937	0	-0.751254
946	1	-0.0496307	0	-0.743709
947	1	-0.0630083	0	-0.738855
948	1	-0.0536307	0	-0.742288
949	1	-0.0626996	0	-0.738603
950	1	-0.0567305	0	-0.746724
951	1	-0.0396552	0	-0.75261
952	1	-0.0368297	0	-0.744223
953	1	-0.0362213	0	-0.739127
954	1	-0.0468999	0	-0.736167
955	1	-0.0566399	0	-0.737193
956	1	-0.0778062	0	-0.736415
957	1	-0.0701937	0	-0.75032
958	1	-0.0632	0	-0.743216
959	1	-0.0456289	0	-0.73517
960	1	-0.0405747	0	-0.735675
961	1	-0.0407634	0	-0.728943
962	1	-0.0473134	0	-0.72737
963	1	-0.0739199	0	-0.730548
964	1	-0.0638571	0	-0.729931
965	1	-0.0848791	0	-0.730772
966	1	-0.0598195	0	-0.734541
967	1	-0.0404562	0	-0.738236
968	1	-0.0351592	0	-0.7241
969	1	-0.0481363	0	-0.717666
970	1	-0.0563592	0	-0.725546
971	1	-0.0685671	0	-0.719373
972	1	-0.0613407	0	-0.723198
973	1	-0.0657315	0	-0.727028
974	1	-0.0606673	0	-0.731985
975	1	-0.0392463	0	-0.729518
976	1	-0.0416998	0	-0.723561
977	1	-0.0485349	0	-0.711264
978	1	-0.0534536	0	-0.718124
979	1	-0.0541195	0	-0.71442
980	1	-0.066689	0	-0.719459
981	1	-0.0558453	0	-0.728681
982	1	-0.0542802	0	-0.732791
983	1	-0.0416171	0	-0.723976
984	1	-0.052566	0	-0.725783
985	1	-0.0464992	0	-0.713853
986	1	-0.0632702	0	-0.710795
987	1	-0.0732919	0	-0.711408
988	1	-0.0784536	0	-0.714304
989	1	-0.0612492	0	-0.714568
990	1	-0.0723632	0	-0.719091
991	1	-0.0390962	0	-0.711633
992	1	-0.0393873	0	-0.711876
993	1	-0.0500463	0	-0.702352
994	1	-0.0528219	0	-0.705643
995	1	-0.0579339	0	-0.706743
996	1	-0.0888228	0	-0.709796
997	1	-0.0614464	0	-0.714041
998	1	-0.0620294	0	-0.719429
999	1	-0.0518602	0	-0.702619
1000	1	-0.0391852	0	-0.710763
1001	1	-0.0417388	0	-0.695704
1002	1	-0.0583474	0	-0.695074
1003	1	-0.0712151	0	-0.700427
1004	1	-0.0756519	0	-0.706162
1005	1	-0.071045	0	-0.703469
1006	1	-0.0662328	0	-0.714875
1007	1	-0.0429488	0	-0.699483
1008	1	-0.0314168	0	-0.702858
1009	1	-0.0624383	0	-0.687252
1010	1	-0.0404644	0	-0.693329
1011	1	-0.0818832	0	-0.694742
1012	1	-0.0758056	0	-0.690061
1013	1	-0.0730975	0	-0.712657
1014	1	-0.0550942	0	-0.694104
1015	1	-0.047105	0	-0.701838
1016	1	-0.0514731	0	-0.691108
1017	1	-0.0360925	0	-0.688976
1018	1	-0.0676247	0	-0.684488
1019	1	-0.0694579	0	-0.685714
1020	1	-0.06618	0	-0.695498
1021	1	-0.0672755	0	-0.687694
1022	1	-0.0663903	0	-0.694583
1023	1	-0.0545176	0	-0.693791
1024	1	-0.0483435	0	-0.687979
1025	1	-0.0594708	0	-0.684331
1026	1	-0.0520139	0	-0.684966
1027	1	-0.0492852	0	-0.680791
1028	1	-0.0654349	0	-0.675737
1029	1	-0.0731328	0	-0.683014
1030	1	-0.0680546	0	-0.686911
1031	1	-0.0703769	0	-0.685517
1032	1	-0.0657813	0	-0.688277
1033	1	-0.0429951	0	-0.687128
1034	1	-0.0365824	0	-0.674871
1035	1	-0.0536279	0	-0.6677
1036	1	-0.0639835	0	-0.671925
1037	1	-0.0705975	0	-0.673991
1038	1	-0.0830758	0	-0.676505
1039	1	-0.0758078	0	-0.685114
1040	1	-0.0506026	0	-0.68503
1041	1	-0.0443938	0	-0.673248
1042	1	-0.0540381	0	-0.668533
1043	1	-0.0531016	0	-0.670706
1044	1	-0.0547985	0	-0.666565
1045	1	-0.0692167	0	-0.664372
1046	1	-0.0709603	0	-0.670873
1047	1	-0.0623935	0	-0.671835
1048	1	-0.0692787	0	-0.667157
1049	1	-0.0746956	0	-0.672097
1050	1	-0.0558865	0	-0.677481
1051	1	-0.0395942	0	-0.667897
1052	1	-0.0468572	0	-0.656704
1053	1	-0.056066	0	-0.656735
1054	1	-0.0621491	0	-0.657105
1055	1	-0.0795827	0	-0.656788
1056	1	-0.0869928	0	-0.666883
1057	1	-0.0655046	0	-0.674836
1058	1	-0.0466405	0	-0.665281
1059	1	-0.0534929	0	-0.654381
1060	1	-0.0589718	0	-0.657429
1061	1	-0.0506375	0	-0.658978
1062	1	-0.0530925	0	-0.650768
1063	1	-0.0666408	0	-0.648808
1064	1	-0.0693694	0	-0.654339
1065	1	-0.070259	0	-0.653844
1066	1	-0.0807447	0	-0.654095
1067	1	-0.0749314	0	-0.664071
1068	1	-0.0460456	0	-0.665301
1069	1	-0.033138	0	-0.64757
1070	1	-0.0528894	0	-0.635328
1071	1	-0.069086	0	-0.643562
1072	1	-0.0649231	0	-0.65086
1073	1	-0.0655468	0	-0.645336
1074	1	-0.0757889	0	-0.644093
1075	1	-0.0740505	0	-0.651253
1076	1	-0.0641371	0	-0.651669
1077	1	-0.0623868	0	-0.64714
1078	1	-0.0568335	0	-0.648947
1079	1	-0.039716	0	-0.646368
1080	1	-0.039658	0	-0.62993
1081	1	-0.0707505	0	-0.622138
1082	1	-0.0902276	0	-0.639699
1083	1	-0.0721862	0	-0.654092
1084	1	-0.0551129	0	-0.642043
1085	1	-0.0695055	0	-0.628503
1086	1	-0.0807228	0	-0.640307
1087	1	-0.0572409	0	-0.653638
1088	1	-0.0312884	0	-0.639666
1089	1	-0.0423442	0	-0.616499
1090	1	-0.0716452	0	-0.617905
1091	1	-0.0780235	0	-0.635445
1092	1	-0.0666733	0	-0.638343
1093	1	-0.0679224	0	-0.627651
1094	1	-0.0792163	0	-0.627581
1095	1	-0.0747517	0	-0.638876
1096	1	-0.0547512	0	-0.640502
1097	1	-0.0431929	0	-0.627939
1098	1	-0.0490241	0	-0.617622
1099	1	-0.0588861	0	-0.618349
1100	1	-0.0635579	0	-0.621531
1101	1	-0.0683439	0	-0.620341
1102	1	-0.0764074	0	-0.619947
1103	1	-0.0801142	0	-0.624828
1104	1	-0.0736789	0	-0.629737
1105	1	-0.0621145	0	-0.62859
1106	1	-0.0534172	0	-0.622924
1107	1	-0.050037	0	-0.617465
1108	1	-0.0509132	0	-0.613582
1109	1	-0.055942	0	-0.610503
1110	1	-0.06481	0	-0.609051
1111	1	-0.0741969	0	-0.610781
1112	1	-0.0793258	0	-0.614939
1113	1	-0.077863	0	-0.618696
1114	1	-0.0710565	0	-0.619895
1115	1	-0.061961	0	-0.61821
1116	1	-0.0538331	0	-0.61427
1117	1	-0.0495325	0	-0.609042
1118	1	-0.0508112	0	-0.603972
1119	1	-0.0573876	0	-0.600752
1120	1	-0.0667833	0	-0.600446
1121	1	-0.0753103	0	-0.602843
1122	1	-0.0796314	0	-0.606595
1123	1	-0.0781089	0	-0.609882
1124	1	-0.0714158	0	-0.611129
1125	1	-0.0621959	0	-0.609561
1126	1	-0.0539547	0	-0.605467
1127	1	-0.049722	0	-0.60006
1128	1	-0.0510283	0	-0.595008
1129	1	-0.0574378	0	-0.591842
1130	1	-0.0666655	0	-0.591433
1131	1	-0.0752968	0	-0.593647
1132	1	-0.0800356	0	-0.597332
1133	1	-0.0790656	0	-0.600734
1134	1	-0.0728251	0	-0.602217
1135	1	-0.0637539	0	-0.60093
1136	1	-0.0552254	0	-0.597076
1137	1	-0.0502777	0	-0.591758
1138	1	-0.050638	0	-0.58655
1139	1	-0.0562145	0	-0.58298
1140	1	-0.0650962	0	-0.582033
1141	1	-0.0741133	0	-0.583779
1142	1	-0.0799361	0	-0.587274
1143	1	-0.0803885	0	-0.590886
1144	1	-0.0753526	0	-0.592938
1145	1	-0.0667679	0	-0.592378
1146	1	-0.0577742	0	-0.589141
1147	1	-0.0515155	0	-0.584092
1148	1	-0.0501155	0	-0.578675
1149	1	-0.054065	0	-0.574438
1150	1	-0.0620696	0	-0.57255
1151	1	-0.0713947	0	-0.5734
1152	1	-0.0787337	0	-0.576403
1153	1	-0.0814232	0	-0.580161
1154	1	-0.0785111	0	-0.582981
1155	1	-0.0711205	0	-0.583542
1156	1	-0.0619315	0	-0.581371
1157	1	-0.0541219	0	-0.576957
1158	1	-0.0502895	0	-0.571506
1159	1	-0.0516927	0	-0.566532
1160	1	-0.0579052	0	-0.563395
1161	1	-0.0669081	0	-0.562876
1162	1	-0.0756606	0	-0.564885
1163	1	-0.0811087	0	-0.568434
1164	1	-0.0813312	0	-0.571955
1165	1	-0.0762961	0	-0.573893
1166	1	-0.0678295	0	-0.573289
1167	1	-0.0588539	0	-0.57009
1168	1	-0.0523304	0	-0.565096
1169	1	-0.0503431	0	-0.559646
1170	1	-0.0535324	0	-0.555201
1171	1	-0.0609198	0	-0.552916
1172	1	-0.070146	0	-0.553278
1173	1	-0.0781521	0	-0.555899
1174	1	-0.0822078	0	-0.559596
1175	1	-0.0809313	0	-0.562787
1176	1	-0.0748134	0	-0.564079
1177	1	-0.0659786	0	-0.562767
1178	1	-0.0573536	0	-0.559029
1179	1	-0.0516746	0	-0.553799
1180	1	-0.0506934	0	-0.54844
1181	1	-0.0547258	0	-0.544337
1182	1	-0.0625609	0	-0.542506
1183	1	-0.0717568	0	-0.543274
1184	1	-0.0793412	0	-0.546128
1185	1	-0.0827977	0	-0.549835
1186	1	-0.0809875	0	-0.552853
1187	1	-0.0745652	0	-0.553889
1188	1	-0.0656863	0	-0.552341
1189	1	-0.0571955	0	-0.548456
1190	1	-0.0516996	0	-0.54318
1191	1	-0.0508397	0	-0.537845
1192	1	-0.0548838	0	-0.533784
1193	1	-0.0626529	0	-0.531966
1194	1	-0.0717993	0	-0.532701
1195	1	-0.0794574	0	-0.535498
1196	1	-0.0831627	0	-0.539178
1197	1	-0.0817256	0	-0.542249
1198	1	-0.0756576	0	-0.543432
1199	1	-0.0669429	0	-0.542092
1200	1	-0.0583036	0	-0.538398
1201	1	-0.0523234	0	-0.533216
1202	1	-0.0507365	0	-0.527811
1203	1	-0.054007	0	-0.523493
1204	1	-0.0612151	0	-0.52127
1205	1	-0.0702628	0	-0.521558
1206	1	-0.0784197	0	-0.524018
1207	1	-0.0831492	0	-0.527617
1208	1	-0.0829678	0	-0.530934
1209	1	-0.0779689	0	-0.532641
1210	1	-0.0697569	0	-0.531946
1211	1	-0.0608511	0	-0.528817
1212	1	-0.0538648	0	-0.523935
1213	1	-0.0507748	0	-0.51845
1214	1	-0.0524437	0	-0.513653
1215	1	-0.0584241	0	-0.510646
1216	1	-0.0670487	0	-0.510046
1217	1	-0.0758275	0	-0.511786
1218	1	-0.0821394	0	-0.515091
1219	1	-0.0840615	0	-0.518678
1220	1	-0.0810263	0	-0.521167
1221	1	-0.0740018	0	-0.521537
1222	1	-0.0651203	0	-0.519432
1223	1	-0.0569604	0	-0.515228
1224	1	-0.0517947	0	-0.509869
1225	1	-0.051022	0	-0.504579
1226	1	-0.0548571	0	-0.500553
1227	1	-0.0622798	0	-0.498653
1228	1	-0.0712526	0	-0.499175
1229	1	-0.0792247	0	-0.501729
1230	1	-0.0838612	0	-0.505306
1231	1	-0.0837911	0	-0.508572
1232	1	-0.0790653	0	-0.510285
1233	1	-0.0711133	0	-0.50969
1234	1	-0.0622389	0	-0.506725
1235	1	-0.0549018	0	-0.501982
1236	1	-0.0510587	0	-0.496507
1237	1	-0.0517121	0	-0.491509
1238	1	-0.0567008	0	-0.488065
1239	1	-0.064727	0	-0.486862
1240	1	-0.0736359	0	-0.487995
1241	1	-0.0809512	0	-0.490909
1242	1	-0.0845846	0	-0.494515
1243	1	-0.0834965	0	-0.497503
1244	1	-0.0780318	0	-0.498752
1245	1	-0.0697791	0	-0.497662
1246	1	-0.0610385	0	-0.494308
1247	1	-0.0541419	0	-0.489364
1248	1	-0.0508621	0	-0.483885
1249	1	-0.0520254	0	-0.47904
1250	1	-0.0573464	0	-0.475833
1251	1	-0.0654799	0	-0.474866
1252	1	-0.0743045	0	-0.476167
1253	1	-0.0814384	0	-0.47915
1254	1	-0.0849049	0	-0.482736
1255	1	-0.0837414	0	-0.485657
1256	1	-0.0783017	0	-0.486843
1257	1	-0.0701183	0	-0.485727
1258	1	-0.0614033	0	-0.482386
1259	1	-0.0544123	0	-0.477467
1260	1	-0.0508875	0	-0.471987
1261	1	-0.0516874	0	-0.467077
1262	1	-0.0566214	0	-0.46372
1263	1	-0.0644841	0	-0.462533
1264	1	-0.0732966	0	-0.463597
1265	1	-0.0807642	0	-0.466407
1266	1	-0.0848866	0	-0.469965
1267	1	-0.0845494	0	-0.47305
1268	1	-0.079867	0	-0.474573
1269	1	-0.0721272	0	-0.473889
1270	1	-0.0633757	0	-0.470954
1271	1	-0.0558279	0	-0.466298
1272	1	-0.0513194	0	-0.460849
1273	1	-0.0509156	0	-0.455696
1274	1	-0.0547116	0	-0.451846
1275	1	-0.0618141	0	-0.450007
1276	1	-0.0705092	0	-0.450412
1277	1	-0.0786279	0	-0.452741
1278	1	-0.0840802	0	-0.456161
1279	1	-0.0854361	0	-0.459527
1280	1	-0.0823516	0	-0.461704
1281	1	-0.0756622	0	-0.461882
1282	1	-0.0671091	0	-0.459795
1283	1	-0.0588282	0	-0.45575
1284	1	-0.0528017	0	-0.450512
1285	1	-0.0504219	0	-0.445096
1286	1	-0.0522269	0	-0.440539
1287	1	-0.0578069	0	-0.437678
1288	1	-0.0658762	0	-0.436973
1289	1	-0.07452	0	-0.438381
1290	1	-0.0816176	0	-0.441335
1291	1	-0.085379	0	-0.444858
1292	1	-0.0848473	0	-0.447806
1293	1	-0.0801766	0	-0.449187
1294	1	-0.0725712	0	-0.448426
1295	1	-0.063919	0	-0.445497
1296	1	-0.0562793	0	-0.440894
1297	1	-0.0513971	0	-0.435473
1298	1	-0.0503522	0	-0.430247
1299	1	-0.0533705	0	-0.426171
1300	1	-0.0597857	0	-0.42395
1301	1	-0.068157	0	-0.423883
1302	1	-0.0765449	0	-0.425781
1303	1	-0.0829379	0	-0.428968
1304	1	-0.0857705	0	-0.43243
1305	1	-0.0843436	0	-0.43508
1306	1	-0.0790229	0	-0.43602
1307	1	-0.0711429	0	-0.434801
1308	1	-0.0625666	0	-0.431534
1309	1	-0.0552564	0	-0.426714
1310	1	-0.0508581	0	-0.421256
1311	1	-0.0502329	0	-0.416176
1312	1	-0.0535698	0	-0.412205
1313	1	-0.060197	0	-0.410239
1314	1	-0.0684614	0	-0.410388
1315	1	-0.0768256	0	-0.412166
1316	1	-0.0831565	0	-0.415664
1317	1	-0.0856759	0	-0.418979
1318	1	-0.08466	0	-0.421276
1319	1	-0.0792688	0	-0.422997
1320	1	-0.0711579	0	-0.420974
1321	1	-0.0635387	0	-0.417831
1322	1	-0.0551536	0	-0.41437
1323	1	-0.0505559	0	-0.406541
1324	1	-0.0509621	0	-0.403282
1325	1	-0.0512292	0	-0.399851
1326	1	-0.0594542	0	-0.393465
1327	1	-0.0681461	0	-0.399126
1328	1	-0.072404	0	-0.39756
1329	1	-0.0851162	0	-0.397385
1330	1	-0.0850312	0	-0.410508
1331	1	-0.0819749	0	-0.402771
1332	1	-0.0864285	0	-0.407533
1333	1	-0.0695605	0	-0.414923
1334	1	-0.0642693	0	-0.396184
1335	1	-0.0631028	0	-0.405061
1336	1	-0.0447958	0	-0.398872
1337	1	-0.0525065	0	-0.380846
1338	1	-0.0536273	0	-0.393553
1339	1	-0.0499623	0	-0.380743
1340	1	-0.0682804	0	-0.377704
1341	1	-0.0711547	0	-0.387798
1342	1	-0.0776428	0	-0.383529
1343	1	-0.0856795	0	-0.388293
1344	1	-0.0868344	0	-0.390994
1345	1	-0.0824617	0	-0.398254
1346	1	-0.0748762	0	-0.390017
1347	1	-0.0743685	0	-0.39172
1348	1	-0.0571655	0	-0.395012
1349	1	-0.0531167	0	-0.376445
1350	1	-0.0541225	0	-0.381076
1351	1	-0.0456207	0	-0.375065
1352	1	-0.0528724	0	-0.367512
1353	1	-0.0590713	0	-0.366185
1354	1	-0.0679233	0	-0.369005
1355	1	-0.0711516	0	-0.371417
1356	1	-0.0835821	0	-0.365082
1357	1	-0.0876948	0	-0.381389
1358	1	-0.0804773	0	-0.377688
1359	1	-0.0846521	0	-0.376774
1360	1	-0.075276	0	-0.380714
1361	1	-0.0664132	0	-0.37858
1362	1	-0.0562735	0	-0.372295
1363	1	-0.0555231	0	-0.363084
1364	1	-0.0490354	0	-0.368848
1365	1	-0.0453379	0	-0.35394
1366	1	-0.0563937	0	-0.352493
1367	1	-0.058799	0	-0.353435
1368	1	-0.0668197	0	-0.354716
1369	1	-0.0734562	0	-0.351691
1370	1	-0.0863334	0	-0.355457
1371	1	-0.0829579	0	-0.366953
1372	1	-0.0833732	0	-0.359304
1373	1	-0.0837734	0	-0.364847
1374	1	-0.0745655	0	-0.364359
1375	1	-0.0649066	0	-0.365637
1376	1	-0.0565553	0	-0.352305
