SL: 1 SR: 1
(0,0)
(0,0)
(-0,0)
(0,0)
(0,0)
(0,0)
SL: 1 SR: 2
(0,0)
(0,0)
(-0,0)
(0,0)
(0,0)
(0,0)
SL: 1 SR: 3
(0,0)
(0,0)
(-0,0)
(0,0)
(0,0)
(0,0)
SL: 1 SR: 4
(0,0)
(0,0)
(-0,0)
(0,0)
(0,0)
(0,0)
SL: 1 SR: 5
(0,0)
(0,0)
(-0,0)
(0,0)
(0,0)
(0,0)
SL: 1 SR: 6
(0,0)
(0,0)
(-0,0)
(0,0)
(0,0)
(0,0)
SL: 1 SR: 7
(0,0)
(0,0)
(-0,0)
(0,0)
(0,0)
(0,0)
SL: 1 SR: 8
(0,0)
(0,0)
(-0,0)
(0,0)
(0,0)
(0,0)
SL: 1 SR: 9
(0,0)
(0,0)
(0,0)
(0,0)
(0,0)
(0,0)
SL: 1 SR: 10
(0,0)
(0,0)
(0,0)
(0,0)
(0,0)
(0,0)
SL: 1 SR: 11
(0,0)
(0,0)
(0,0)
(0,0)
(0,0)
(0,0)
SL: 1 SR: 12
(0,0)
(0,0)
(0,0)
(0,0)
(0,0)
(0,0)
SL: 1 SR: 13
(0,0)
(0,0)
(0,0)
(0,0)
(0,0)
(0,0)
SL: 1 SR: 14
(0,0)
(0,0)
(0,0)
(0,0)
(0,0)
(0,0)
SL: 1 SR: 15
(0,0)
(0,0)
(0,0)
(0,0)
(0,0)
(0,0)
SL: 1 SR: 16
(0,0)
(0,0)
(0,0)
(0,0)
(0,0)
(0,0)
SL: 1 SR: 17
(0,0)
(0,0)
(0,0)
(0,0)
(0,0)
(0,0)
SL: 1 SR: 18
(0,0)
(0,0)
(0,0)
(0,0)
(0,0)
(0,0)
SL: 1 SR: 19
(0,0)
(0,0)
(0,0)
(0,0)
(0,0)
(0,0)
SL: 1 SR: 20
(0,0)
(0,0)
(0,0)
(0,0)
(0,0)
(0,0)
SL: 1 SR: 21
(0,0)
(0,0)
(0,0)
(0,0)
(0,0)
(0,0)
SL: 1 SR: 22
(0,0)
(0,0)
(0,0)
(0,0)
(0,0)
(0,0)
SL: 1 SR: 23
(0,0)
(0,0)
(0,0)
(0,0)
(0,0)
(0,0)
SL: 1 SR: 24
(0,0)
(0,0)
(0,0)
(0,0)
(0,0)
(0,0)
SL: 1 SR: 25
(0,0)
(0,0)
(0,0)
(0,0)
(0,0)
(0,0)
SL: 1 SR: 26
(0,0)
(0,0)
(0,0)
(0,0)
(0,0)
(0,0)
SL: 1 SR: 27
(0,0)
(0,0)
(0,0)
(0,0)
(0,0)
(0,0)
SL: 1 SR: 28
(0,0)
(0,0)
(0,0)
(0,0)
(0,0)
(0,0)
SL: 0 SR: 1
(0.00632699,0)
(5.46833e-05,0)
(-2.55213e-21,2.66354e-05)
(4.73024e-20,-2.66354e-05)
(4.71617e-05,0)
(-0.000436299,0)
SL: 0 SR: 2
(0.000208486,0)
(4.84638e-06,0)
(-1.22783e-22,1.50959e-06)
(2.68128e-21,-1.50959e-06)
(4.5986e-06,0)
(-1.43749e-05,0)
SL: 0 SR: 3
(8.52915e-06,0)
(3.50364e-07,0)
(-6.32584e-24,8.30393e-08)
(1.47513e-22,-8.30393e-08)
(3.4023e-07,0)
(-5.8799e-07,0)
SL: 0 SR: 4
(3.3615e-07,0)
(2.04116e-08,0)
(-2.9368e-25,3.99753e-09)
(7.10242e-24,-3.99753e-09)
(2.00123e-08,0)
(-2.31702e-08,0)
SL: 0 SR: 5
(1.21222e-08,0)
(9.87519e-10,0)
(-1.20115e-26,1.67372e-10)
(2.97418e-25,-1.67372e-10)
(9.73125e-10,0)
(-8.3543e-10,0)
SL: 0 SR: 6
(3.95839e-10,0)
(4.07384e-11,0)
(-4.34218e-28,6.15148e-12)
(1.09329e-26,-6.15148e-12)
(4.02685e-11,0)
(-2.72757e-11,0)
SL: 0 SR: 7
(1.17183e-11,0)
(1.46309e-12,0)
(-1.39956e-29,2.00752e-13)
(3.5685e-28,-2.00752e-13)
(1.44918e-12,0)
(-8.07328e-13,0)
SL: 0 SR: 8
(3.16009e-13,0)
(4.64971e-14,0)
(-4.05977e-31,5.88029e-15)
(1.04543e-29,-5.88029e-15)
(4.61222e-14,0)
(-2.17677e-14,0)
SL: 0 SR: 9
(7.80724e-15,0)
(1.3247e-15,0)
(-1.06902e-32,1.56065e-16)
(2.77509e-31,-1.56065e-16)
(1.31545e-15,0)
(-5.37698e-16,0)
SL: 0 SR: 10
(1.77715e-16,0)
(3.41935e-17,0)
(-2.57501e-34,3.78391e-18)
(6.72951e-33,-3.78391e-18)
(3.39828e-17,0)
(-1.22375e-17,0)
SL: 0 SR: 11
(3.747e-18,0)
(8.06674e-19,0)
(-5.7122e-36,8.4405e-20)
(1.50136e-34,-8.4405e-20)
(8.02233e-19,0)
(-2.57976e-19,0)
SL: 0 SR: 12
(7.35328e-20,0)
(1.75215e-20,0)
(-1.17385e-37,1.7428e-21)
(3.10053e-36,-1.7428e-21)
(1.74344e-20,0)
(-5.06178e-21,0)
SL: 0 SR: 13
(1.34902e-21,0)
(3.52597e-22,0)
(-2.24625e-39,3.34883e-23)
(5.95874e-38,-3.34883e-23)
(3.50999e-22,0)
(-9.2847e-23,0)
SL: 0 SR: 14
(2.32279e-23,0)
(6.60928e-24,0)
(-4.02078e-41,6.01636e-25)
(1.0707e-39,-6.01636e-25)
(6.58178e-24,0)
(-1.5984e-24,0)
SL: 0 SR: 15
(3.76704e-25,0)
(1.15939e-25,0)
(-6.75966e-43,1.01476e-26)
(1.80622e-41,-1.01476e-26)
(1.15493e-25,0)
(-2.59181e-26,0)
SL: 0 SR: 16
(5.77275e-27,0)
(1.91111e-27,0)
(-1.07118e-44,1.61275e-28)
(2.8711e-43,-1.61275e-28)
(1.90428e-27,0)
(-3.97111e-28,0)
SL: 0 SR: 17
(8.38341e-29,0)
(2.97097e-29,0)
(-1.60516e-46,2.4231e-30)
(4.31445e-45,-2.4231e-30)
(2.96105e-29,0)
(-5.76603e-30,0)
SL: 0 SR: 18
(1.1568e-30,0)
(4.36987e-31,0)
(-2.28115e-48,3.45181e-32)
(6.14717e-47,-3.45181e-32)
(4.35619e-31,0)
(-7.95503e-32,0)
SL: 0 SR: 19
(1.52035e-32,0)
(6.09894e-33,0)
(-3.08249e-50,4.67464e-34)
(8.32626e-49,-4.67464e-34)
(6.08097e-33,0)
(-1.04533e-33,0)
SL: 0 SR: 20
(1.90732e-34,0)
(8.09817e-35,0)
(-3.97003e-52,6.03277e-36)
(1.07471e-50,-6.03277e-36)
(8.07564e-35,0)
(-1.31117e-35,0)
SL: 0 SR: 21
(2.28865e-36,0)
(1.0254e-36,0)
(-4.88398e-54,7.43541e-38)
(1.32481e-52,-7.43541e-38)
(1.02269e-36,0)
(-1.57304e-37,0)
SL: 0 SR: 22
(2.63154e-38,0)
(1.2408e-38,0)
(-5.75043e-56,8.76962e-40)
(1.5628e-54,-8.76962e-40)
(1.2377e-38,0)
(-1.80841e-39,0)
SL: 0 SR: 23
(2.90443e-40,0)
(1.43771e-40,0)
(-6.49179e-58,9.91614e-42)
(1.76742e-56,-9.91614e-42)
(1.43428e-40,0)
(-1.9956e-41,0)
SL: 0 SR: 24
(3.08188e-42,0)
(1.59801e-42,0)
(-7.03874e-60,1.07677e-43)
(1.91953e-58,-1.07677e-43)
(1.59437e-42,0)
(-2.11717e-43,0)
SL: 0 SR: 25
(3.14856e-44,0)
(1.70665e-44,0)
(-7.34116e-62,1.12461e-45)
(2.00515e-60,-1.12461e-45)
(1.70294e-44,0)
(-2.16261e-45,0)
SL: 0 SR: 26
(3.10127e-46,0)
(1.75403e-46,0)
(-7.37562e-64,1.13138e-47)
(2.01756e-62,-1.13138e-47)
(1.75037e-46,0)
(-2.12977e-47,0)
SL: 0 SR: 27
(2.94884e-48,0)
(1.73727e-48,0)
(-7.14785e-66,1.0978e-49)
(1.95802e-64,-1.0978e-49)
(1.73379e-48,0)
(-2.02475e-49,0)
SL: 0 SR: 28
(2.70995e-50,0)
(1.66038e-50,0)
(-6.69016e-68,1.02871e-51)
(1.8351e-66,-1.02871e-51)
(1.65719e-50,0)
(-1.8604e-51,0)
SL: 0 SR: 29
(2.40964e-52,0)
(1.53318e-52,0)
(-6.05461e-70,9.32013e-54)
(1.66288e-68,-9.32013e-54)
(1.53034e-52,0)
(-1.65395e-53,0)
SL: 0 SR: 30
(2.07527e-54,0)
(1.36936e-54,0)
(-5.30391e-72,8.1731e-56)
(1.45848e-70,-8.1731e-56)
(1.36692e-54,0)
(-1.4242e-55,0)
SL: 0 SR: 31
(1.73281e-56,0)
(1.18427e-56,0)
(-4.50204e-74,6.94435e-58)
(1.23942e-72,-6.94435e-58)
(1.18223e-56,0)
(-1.18898e-57,0)
SL: 0 SR: 32
(1.40406e-58,0)
(9.92722e-59,0)
(-3.70632e-76,5.72236e-60)
(1.0215e-74,-5.72236e-60)
(9.91069e-59,0)
(-9.63243e-60,0)
SL: 0 SR: 33
(1.10498e-60,0)
(8.07339e-61,0)
(-2.96201e-78,4.57732e-62)
(8.17235e-77,-4.57732e-62)
(8.06039e-61,0)
(-7.57929e-62,0)
SL: 0 SR: 34
(8.45297e-63,0)
(6.37562e-63,0)
(-2.29992e-80,3.55721e-64)
(6.35213e-79,-3.55721e-64)
(6.36569e-63,0)
(-5.79709e-64,0)
SL: 0 SR: 35
(6.29056e-65,0)
(4.89319e-65,0)
(-1.73647e-82,2.68795e-66)
(4.8007e-81,-2.68795e-66)
(4.8858e-65,0)
(-4.31337e-66,0)
SL: 0 SR: 36
(4.55737e-67,0)
(3.65265e-67,0)
(-1.2758e-84,1.97641e-68)
(3.53049e-83,-1.97641e-68)
(3.6473e-67,0)
(-3.1244e-68,0)
SL: 0 SR: 37
(3.21651e-69,0)
(2.65397e-69,0)
(-9.1279e-87,1.41511e-70)
(2.52827e-85,-1.41511e-70)
(2.65019e-69,0)
(-2.20477e-70,0)
SL: 0 SR: 38
(2.21304e-71,0)
(1.87829e-71,0)
(-6.36398e-89,9.87327e-73)
(1.76428e-87,-9.87327e-73)
(1.87569e-71,0)
(-1.51668e-72,0)
SL: 0 SR: 39
(1.48525e-73,0)
(1.29569e-73,0)
(-4.32651e-91,6.71693e-75)
(1.20047e-89,-6.71693e-75)
(1.29395e-73,0)
(-1.01773e-74,0)
SL: 0 SR: 40
(9.72925e-76,0)
(8.71749e-76,0)
(-2.8699e-93,4.45849e-77)
(7.96972e-92,-4.45849e-77)
(8.70607e-76,0)
(-6.66554e-77,0)
SL: 0 SR: 41
(6.22404e-78,0)
(5.72394e-78,0)
(-1.85853e-95,2.88915e-79)
(5.16534e-94,-2.88915e-79)
(5.71664e-78,0)
(-4.26338e-79,0)
SL: 0 SR: 42
(3.89061e-80,0)
(3.66999e-80,0)
(-1.17569e-97,1.82877e-81)
(3.27011e-96,-1.82877e-81)
(3.66542e-80,0)
(-2.66456e-81,0)
SL: 0 SR: 43
(2.3776e-82,0)
(2.299e-82,0)
(-7.26886e-100,1.13133e-83)
(2.02334e-98,-1.13133e-83)
(2.29622e-82,0)
(-1.62807e-83,0)
SL: 0 SR: 44
(1.4212e-84,0)
(1.40783e-84,0)
(-4.39454e-102,6.84363e-86)
(1.22416e-100,-6.84363e-86)
(1.40617e-84,0)
(-9.73005e-86,0)
SL: 0 SR: 45
(8.31328e-87,0)
(8.4317e-87,0)
(-2.59924e-104,4.05004e-88)
(7.24578e-103,-4.05004e-88)
(8.42196e-87,0)
(-5.69059e-88,0)
SL: 0 SR: 46
(4.76089e-89,0)
(4.94132e-89,0)
(-1.50476e-106,2.34592e-90)
(4.19771e-105,-2.34592e-90)
(4.93575e-89,0)
(-3.25836e-90,0)
SL: 0 SR: 47
(2.6705e-91,0)
(2.83489e-91,0)
(-8.53045e-109,1.33058e-92)
(2.38131e-107,-1.33058e-92)
(2.83176e-91,0)
(-1.82738e-92,0)
SL: 0 SR: 48
(1.4678e-93,0)
(1.59289e-93,0)
(-4.73749e-111,7.39325e-95)
(1.32338e-109,-7.39325e-95)
(1.59117e-93,0)
(-1.00422e-94,0)
SL: 0 SR: 49
(7.90841e-96,0)
(8.76949e-96,0)
(-2.57854e-113,4.02598e-97)
(7.20766e-112,-4.02598e-97)
(8.76024e-96,0)
(-5.40975e-97,0)
SL: 0 SR: 50
(4.17855e-98,0)
(4.7324e-98,0)
(-1.37601e-115,2.14943e-99)
(3.84877e-114,-2.14943e-99)
(4.72752e-98,0)
(-2.85785e-99,0)
SL: 0 SR: 51
(2.1659e-100,0)
(2.50425e-100,0)
(-7.20211e-118,1.12553e-101)
(2.01572e-116,-1.12553e-101)
(2.50171e-100,0)
(-1.48108e-101,0)
SL: 0 SR: 52
(1.10176e-102,0)
(1.29994e-102,0)
(-3.69866e-120,5.78277e-104)
(1.03581e-118,-5.78277e-104)
(1.29865e-102,0)
(-7.5327e-104,0)
SL: 0 SR: 53
(5.50193e-105,0)
(6.62185e-105,0)
(-1.86436e-122,2.91614e-106)
(5.2243e-121,-2.91614e-106)
(6.61542e-105,0)
(-3.76102e-106,0)
SL: 0 SR: 54
(2.69819e-107,0)
(3.31128e-107,0)
(-9.22712e-125,1.44386e-108)
(2.58714e-123,-1.44386e-108)
(3.30813e-107,0)
(-1.84412e-108,0)
SL: 0 SR: 55
(1.29986e-109,0)
(1.62599e-109,0)
(-4.48532e-127,7.02147e-111)
(1.25834e-125,-7.02147e-111)
(1.62447e-109,0)
(-8.88257e-111,0)
SL: 0 SR: 56
(6.15353e-112,0)
(7.84311e-112,0)
(-2.14215e-129,3.35472e-113)
(6.01311e-128,-3.35472e-113)
(7.83592e-112,0)
(-4.20428e-113,0)
SL: 0 SR: 57
(2.86342e-114,0)
(3.71742e-114,0)
(-1.00547e-131,1.57522e-115)
(2.82397e-130,-1.57522e-115)
(3.71408e-114,0)
(-1.95604e-115,0)
SL: 0 SR: 58
(1.3101e-116,0)
(1.73184e-116,0)
(-4.63959e-134,7.27134e-118)
(1.30379e-132,-7.27134e-118)
(1.73032e-116,0)
(-8.94791e-118,0)
SL: 0 SR: 59
(5.89525e-119,0)
(7.93265e-119,0)
(-2.10526e-136,3.30063e-120)
(5.91921e-135,-3.30063e-120)
(7.92577e-119,0)
(-4.02574e-120,0)
SL: 0 SR: 60
(2.60975e-121,0)
(3.57348e-121,0)
(-9.39647e-139,1.47371e-122)
(2.64333e-137,-1.47371e-122)
(3.57044e-121,0)
(-1.78184e-122,0)
SL: 0 SR: 61
(1.13686e-123,0)
(1.5836e-123,0)
(-4.12644e-141,6.47399e-125)
(1.16141e-139,-6.47399e-125)
(1.58228e-123,0)
(-7.76073e-125,0)
SL: 0 SR: 62
(4.8746e-126,0)
(6.90556e-126,0)
(-1.7834e-143,2.79893e-127)
(5.02207e-142,-2.79893e-127)
(6.89988e-126,0)
(-3.32705e-127,0)
SL: 0 SR: 63
(2.05778e-128,0)
(2.96387e-128,0)
(-7.58745e-146,1.19119e-129)
(2.1377e-144,-1.19119e-129)
(2.96148e-128,0)
(-1.40425e-129,0)
SL: 0 SR: 64
(8.55446e-131,0)
(1.25238e-130,0)
(-3.17849e-148,4.99166e-132)
(8.95951e-147,-4.99166e-132)
(1.25139e-130,0)
(-5.83666e-132,0)
SL: 0 SR: 65
(3.50284e-133,0)
(5.21115e-133,0)
(-1.31137e-150,2.06009e-134)
(3.69827e-149,-2.06009e-134)
(5.20707e-133,0)
(-2.38955e-134,0)
SL: 0 SR: 66
(1.41312e-135,0)
(2.13576e-135,0)
(-5.32976e-153,8.37533e-137)
(1.5038e-151,-8.37533e-137)
(2.13411e-135,0)
(-9.63831e-137,0)
SL: 0 SR: 67
(5.61774e-138,0)
(8.62362e-138,0)
(-2.13436e-155,3.35498e-139)
(6.02495e-154,-3.35498e-139)
(8.61709e-138,0)
(-3.83098e-139,0)
SL: 0 SR: 68
(2.20122e-140,0)
(3.43117e-140,0)
(-8.42355e-158,1.32448e-141)
(2.37894e-156,-1.32448e-141)
(3.42861e-140,0)
(-1.50085e-141,0)
SL: 0 SR: 69
(8.50305e-143,0)
(1.34556e-142,0)
(-3.27706e-160,5.15417e-144)
(9.25915e-159,-5.15417e-144)
(1.34457e-142,0)
(-5.7966e-144,0)
SL: 0 SR: 70
(3.23876e-145,0)
(5.20187e-145,0)
(-1.25696e-162,1.9775e-146)
(3.55307e-161,-1.9775e-146)
(5.1981e-145,0)
(-2.20751e-146,0)
SL: 0 SR: 71
(1.21664e-147,0)
(1.9829e-147,0)
(-4.75435e-165,7.48181e-149)
(1.34452e-163,-7.48181e-149)
(1.98149e-147,0)
(-8.29107e-149,0)
SL: 0 SR: 72
(4.50821e-150,0)
(7.45438e-150,0)
(-1.7737e-167,2.79198e-151)
(5.0182e-166,-2.79198e-151)
(7.44915e-150,0)
(-3.0717e-151,0)
SL: 0 SR: 73
(1.64812e-152,0)
(2.76423e-152,0)
(-6.52781e-170,1.02781e-153)
(1.84767e-168,-1.02781e-153)
(2.76232e-152,0)
(-1.12277e-153,0)
SL: 0 SR: 74
(5.94555e-155,0)
(1.01127e-154,0)
(-2.37046e-172,3.73327e-156)
(6.71235e-171,-3.73327e-156)
(1.01059e-154,0)
(-4.04965e-156,0)
SL: 0 SR: 75
(2.11685e-157,0)
(3.65069e-157,0)
(-8.49478e-175,1.33819e-158)
(2.40646e-173,-1.33819e-158)
(3.64823e-157,0)
(-1.44159e-158,0)
SL: 0 SR: 76
(7.43972e-160,0)
(1.30067e-159,0)
(-3.0047e-177,4.73451e-161)
(8.51549e-176,-4.73451e-161)
(1.29981e-159,0)
(-5.06562e-161,0)
SL: 0 SR: 77
(2.58145e-162,0)
(4.57425e-162,0)
(-1.04919e-179,1.65361e-163)
(2.97469e-178,-1.65361e-163)
(4.57126e-162,0)
(-1.75738e-163,0)
SL: 0 SR: 78
(8.84465e-165,0)
(1.5882e-164,0)
(-3.61726e-182,5.70245e-166)
(1.02599e-180,-5.70245e-166)
(1.58718e-164,0)
(-6.02015e-166,0)
SL: 0 SR: 79
(2.99279e-167,0)
(5.44497e-167,0)
(-1.23154e-184,1.94192e-168)
(3.49454e-183,-1.94192e-168)
(5.4415e-167,0)
(-2.03671e-168,0)
SL: 0 SR: 80
(1.00027e-169,0)
(1.84356e-169,0)
(-4.14122e-187,6.53146e-171)
(1.17556e-185,-6.53146e-171)
(1.8424e-169,0)
(-6.80607e-171,0)
SL: 0 SR: 81
(3.30272e-172,0)
(6.16535e-172,0)
(-1.37558e-189,2.17002e-173)
(3.90636e-188,-2.17002e-173)
(6.16153e-172,0)
(-2.24685e-173,0)
SL: 0 SR: 82
(1.07746e-174,0)
(2.03687e-174,0)
(-4.51422e-192,7.12292e-176)
(1.28245e-190,-7.12292e-176)
(2.03562e-174,0)
(-7.32872e-176,0)
SL: 0 SR: 83
(3.47347e-177,0)
(6.64871e-177,0)
(-1.46381e-194,2.31022e-178)
(4.16018e-193,-2.31022e-178)
(6.64469e-177,0)
(-2.3622e-178,0)
SL: 0 SR: 84
(1.10669e-179,0)
(2.14458e-179,0)
(-4.69086e-197,7.4048e-181)
(1.33366e-195,-7.4048e-181)
(2.1433e-179,0)
(-7.52494e-181,0)
SL: 0 SR: 85
(3.48532e-182,0)
(6.83656e-182,0)
(-1.48575e-199,2.34583e-183)
(4.22575e-198,-2.34583e-183)
(6.83253e-182,0)
(-2.36944e-183,0)
SL: 0 SR: 86
(1.08511e-184,0)
(2.15419e-184,0)
(-4.65181e-202,7.3462e-186)
(1.32356e-200,-7.3462e-186)
(2.15294e-184,0)
(-7.37568e-186,0)
SL: 0 SR: 87
(3.34022e-187,0)
(6.71027e-187,0)
(-1.43993e-204,2.27441e-188)
(4.0985e-203,-2.27441e-188)
(6.70641e-187,0)
(-2.27002e-188,0)
SL: 0 SR: 88
(1.01672e-189,0)
(2.06662e-189,0)
(-4.40713e-207,6.96256e-191)
(1.25488e-205,-6.96256e-191)
(2.06545e-189,0)
(-6.90847e-191,0)
SL: 0 SR: 89
(3.06063e-192,0)
(6.29365e-192,0)
(-1.3339e-209,2.10775e-193)
(3.7995e-208,-2.10775e-193)
(6.29012e-192,0)
(-2.07929e-193,0)
SL: 0 SR: 90
(9.11278e-195,0)
(1.89548e-194,0)
(-3.99296e-212,6.31067e-196)
(1.13778e-210,-6.31067e-196)
(1.89443e-194,0)
(-6.18985e-196,0)
SL: 0 SR: 91
(2.68396e-197,0)
(5.64631e-197,0)
(-1.18229e-214,1.8689e-198)
(3.3701e-213,-1.8689e-198)
(5.64321e-197,0)
(-1.82276e-198,0)
SL: 0 SR: 92
(7.82052e-200,0)
(1.66376e-199,0)
(-3.46309e-217,5.47527e-201)
(9.875e-216,-5.47527e-201)
(1.66285e-199,0)
(-5.31025e-201,0)
SL: 0 SR: 93
(2.25466e-202,0)
(4.85004e-202,0)
(-1.0036e-219,1.58702e-203)
(2.86278e-218,-1.58702e-203)
(4.84744e-202,0)
(-1.53068e-203,0)
SL: 0 SR: 94
(6.43218e-205,0)
(1.39888e-204,0)
(-2.87784e-222,4.55162e-206)
(8.21196e-221,-4.55162e-206)
(1.39814e-204,0)
(-4.36604e-206,0)
SL: 0 SR: 95
(1.816e-207,0)
(3.99252e-207,0)
(-8.16636e-225,1.29183e-208)
(2.33109e-223,-1.29183e-208)
(3.99043e-207,0)
(-1.23245e-208,0)
SL: 0 SR: 96
(5.07459e-210,0)
(1.12769e-209,0)
(-2.29347e-227,3.62864e-211)
(6.54899e-226,-3.62864e-211)
(1.1271e-209,0)
(-3.44335e-211,0)
SL: 0 SR: 97
(1.40365e-212,0)
(3.15249e-212,0)
(-6.37539e-230,1.00886e-213)
(1.82111e-228,-1.00886e-213)
(3.15087e-212,0)
(-9.52278e-214,0)
SL: 0 SR: 98
(3.84356e-215,0)
(8.72344e-215,0)
(-1.75434e-232,2.77659e-216)
(5.01294e-231,-2.77659e-216)
(8.71902e-215,0)
(-2.60713e-216,0)
SL: 0 SR: 99
(1.042e-217,0)
(2.38966e-217,0)
(-4.77926e-235,7.56536e-219)
(1.36611e-233,-7.56536e-219)
(2.38846e-217,0)
(-7.06682e-219,0)
SL: 0 SR: 100
(2.79711e-220,0)
(6.48098e-220,0)
(-1.28911e-237,2.04093e-221)
(3.68603e-236,-2.04093e-221)
(6.47776e-220,0)
(-1.89666e-221,0)
SL: 0 SR: 101
(7.43523e-223,0)
(1.74039e-222,0)
(-3.44303e-240,5.45192e-224)
(9.84818e-239,-5.45192e-224)
(1.73953e-222,0)
(-5.0408e-224,0)
SL: 0 SR: 102
(1.95734e-225,0)
(4.62801e-225,0)
(-9.10664e-243,1.44224e-226)
(2.60566e-241,-1.44224e-226)
(4.62576e-225,0)
(-1.32677e-226,0)
SL: 0 SR: 103
(5.10349e-228,0)
(1.21878e-227,0)
(-2.38552e-245,3.77858e-229)
(6.82786e-244,-3.77858e-229)
(1.2182e-227,0)
(-3.45877e-229,0)
SL: 0 SR: 104
(1.31806e-230,0)
(3.17895e-230,0)
(-6.18948e-248,9.80543e-232)
(1.77214e-246,-9.80543e-232)
(3.17743e-230,0)
(-8.9313e-232,0)
SL: 0 SR: 105
(3.37216e-233,0)
(8.21304e-233,0)
(-1.59079e-250,2.52052e-234)
(4.55613e-249,-2.52052e-234)
(8.20917e-233,0)
(-2.28462e-234,0)
SL: 0 SR: 106
(8.54725e-236,0)
(2.10198e-235,0)
(-4.05037e-253,6.41855e-237)
(1.16043e-251,-6.41855e-237)
(2.101e-235,0)
(-5.7897e-237,0)
SL: 0 SR: 107
(2.14648e-238,0)
(5.32959e-238,0)
(-1.02174e-255,1.61937e-239)
(2.92821e-254,-1.61937e-239)
(5.32713e-238,0)
(-1.45372e-239,0)
SL: 0 SR: 108
(5.34128e-241,0)
(1.33887e-240,0)
(-2.55378e-258,4.04812e-242)
(7.32125e-257,-4.04812e-242)
(1.33826e-240,0)
(-3.6168e-242,0)
SL: 0 SR: 109
(1.3171e-243,0)
(3.33273e-243,0)
(-6.32506e-261,1.00276e-244)
(1.81386e-259,-1.00276e-244)
(3.33122e-243,0)
(-8.91708e-245,0)
SL: 0 SR: 110
(3.21871e-246,0)
(8.22078e-246,0)
(-1.55245e-263,2.46156e-247)
(4.45341e-262,-2.46156e-247)
(8.21709e-246,0)
(-2.17877e-247,0)
SL: 0 SR: 111
(7.79598e-249,0)
(2.00962e-248,0)
(-3.7764e-266,5.98868e-250)
(1.08365e-264,-5.98868e-250)
(2.00873e-248,0)
(-5.27624e-250,0)
SL: 0 SR: 112
(1.87163e-251,0)
(4.86897e-251,0)
(-9.105e-269,1.44408e-252)
(2.61351e-267,-1.44408e-252)
(4.86683e-251,0)
(-1.26648e-252,0)
SL: 0 SR: 113
(4.4541e-254,0)
(1.16928e-253,0)
(-2.17599e-271,3.45167e-255)
(6.24793e-270,-3.45167e-255)
(1.16877e-253,0)
(-3.01345e-255,0)
SL: 0 SR: 114
(1.05082e-256,0)
(2.78349e-256,0)
(-5.15519e-274,8.17851e-258)
(1.48066e-272,-8.17851e-258)
(2.78228e-256,0)
(-7.10813e-258,0)
SL: 0 SR: 115
(2.45784e-259,0)
(6.56877e-259,0)
(-1.2108e-276,1.92115e-260)
(3.47871e-275,-1.92115e-260)
(6.56596e-259,0)
(-1.66229e-260,0)
SL: 0 SR: 116
(5.69993e-262,0)
(1.53686e-261,0)
(-2.81953e-279,4.47424e-263)
(8.10313e-278,-4.47424e-263)
(1.53621e-261,0)
(-3.85432e-263,0)
SL: 0 SR: 117
(1.31071e-264,0)
(3.56513e-264,0)
(-6.51006e-282,1.0332e-265)
(1.87151e-280,-1.0332e-265)
(3.56363e-264,0)
(-8.86156e-266,0)
SL: 0 SR: 118
(2.98881e-267,0)
(8.2004e-267,0)
(-1.4905e-284,2.36584e-268)
(4.28616e-283,-2.36584e-268)
(8.19699e-267,0)
(-2.02035e-268,0)
SL: 0 SR: 119
(6.75886e-270,0)
(1.87045e-269,0)
(-3.38411e-287,5.37221e-271)
(9.73446e-286,-5.37221e-271)
(1.86968e-269,0)
(-4.56799e-271,0)
SL: 0 SR: 120
(1.51586e-272,0)
(4.23094e-272,0)
(-7.62001e-290,1.20981e-273)
(2.19256e-288,-1.20981e-273)
(4.22921e-272,0)
(-1.02432e-273,0)
SL: 0 SR: 121
(3.37202e-275,0)
(9.4916e-275,0)
(-1.70174e-292,2.70215e-276)
(4.898e-291,-2.70215e-276)
(9.48775e-275,0)
(-2.2782e-276,0)
SL: 0 SR: 122
(7.4403e-278,0)
(2.11194e-277,0)
(-3.76954e-295,5.98628e-279)
(1.08528e-293,-5.98628e-279)
(2.1111e-277,0)
(-5.02594e-279,0)
SL: 0 SR: 123
(1.62851e-280,0)
(4.66117e-280,0)
(-8.28264e-298,1.31549e-281)
(2.38533e-296,-1.31549e-281)
(4.65931e-280,0)
(-1.09987e-281,0)
SL: 0 SR: 124
(3.53605e-283,0)
(1.02048e-282,0)
(-1.80535e-300,2.8677e-284)
(5.20078e-299,-2.8677e-284)
(1.02008e-282,0)
(-2.38778e-284,0)
SL: 0 SR: 125
(7.61732e-286,0)
(2.21636e-285,0)
(-3.90388e-303,6.20181e-287)
(1.12494e-301,-6.20181e-287)
(2.2155e-285,0)
(-5.14283e-287,0)
SL: 0 SR: 126
(1.62805e-288,0)
(4.77563e-288,0)
(-8.37528e-306,1.33067e-289)
(2.41411e-304,-1.33067e-289)
(4.77378e-288,0)
(-1.09899e-289,0)
SL: 0 SR: 127
(3.45256e-291,0)
(1.02094e-290,0)
(-1.78278e-308,2.83282e-292)
(5.1402e-307,-2.83282e-292)
(1.02055e-290,0)
(-2.33019e-292,0)
SL: 0 SR: 128
(7.26526e-294,0)
(2.1656e-293,0)
(-3.76546e-311,5.98394e-295)
(1.08599e-309,-5.98394e-295)
(2.16477e-293,0)
(-4.90259e-295,0)
SL: 0 SR: 129
(1.51713e-296,0)
(4.55816e-296,0)
(-7.89197e-314,1.25431e-297)
(2.27675e-312,-1.25431e-297)
(4.55643e-296,0)
(-1.02358e-297,0)
SL: 0 SR: 130
(3.14397e-299,0)
(9.5205e-299,0)
(-1.64145e-316,2.60911e-300)
(4.73674e-315,-2.60911e-300)
(9.51692e-299,0)
(-2.12081e-300,0)
SL: 0 SR: 131
(6.46617e-302,0)
(1.9734e-301,0)
(-3.3882e-319,5.38617e-303)
(9.78008e-318,-5.38617e-303)
(1.97267e-301,0)
(-4.36109e-303,0)
SL: 0 SR: 132
(1.31994e-304,0)
(4.05958e-304,0)
(-6.91692e-322,1.10355e-305)
(2.00393e-320,-1.10355e-305)
(4.05808e-304,0)
(-8.90073e-306,0)
SL: 0 SR: 133
(2.67436e-307,0)
(8.2886e-307,0)
(-0,2.24413e-308)
(3.95253e-323,-2.24413e-308)
(8.28556e-307,0)
(-1.80309e-308,0)
SL: 0 SR: 134
(5.3786e-310,0)
(1.67973e-309,0)
(-0,4.5298e-311)
(0,-4.5298e-311)
(1.67912e-309,0)
(-3.62569e-311,0)
SL: 0 SR: 135
(1.07381e-312,0)
(3.37896e-312,0)
(-0,9.07621e-314)
(0,-9.07621e-314)
(3.37774e-312,0)
(-7.23725e-314,0)
SL: 0 SR: 136
(2.12822e-315,0)
(6.74734e-315,0)
(-0,1.8053e-316)
(0,-1.8053e-316)
(6.74493e-315,0)
(-1.43413e-316,0)
SL: 0 SR: 137
(4.18756e-318,0)
(1.33756e-317,0)
(-0,3.56483e-319)
(0,-3.56483e-319)
(1.33708e-317,0)
(-2.82136e-319,0)
SL: 0 SR: 138
(8.18173e-321,0)
(2.63238e-320,0)
(-0,6.96633e-322)
(0,-6.96633e-322)
(2.63139e-320,0)
(-5.53354e-322,0)
SL: 0 SR: 139
(1.4822e-323,0)
(4.94066e-323,0)
(-0,0)
(0,0)
(4.94066e-323,0)
(0,0)
SL: 0 SR: 140
(0,0)
(0,0)
(-0,0)
(0,0)
(0,0)
(0,0)
SL: 0 SR: 141
(0,0)
(0,0)
(-0,0)
(0,0)
(0,0)
(0,0)
SL: 0 SR: 142
(0,0)
(0,0)
(-0,0)
(0,0)
(0,0)
(0,0)
SL: 0 SR: 143
(0,0)
(0,0)
(-0,0)
(0,0)
(0,0)
(0,0)
SL: 0 SR: 144
(0,0)
(0,0)
(-0,0)
(0,0)
(0,0)
(0,0)
SL: 0 SR: 145
(0,0)
(0,0)
(-0,0)
(0,0)
(0,0)
(0,0)
SL: 0 SR: 146
(0,0)
(0,0)
(-0,0)
(0,0)
(0,0)
(0,0)
SL: 0 SR: 147
(0,0)
(0,0)
(-0,0)
(0,0)
(0,0)
(0,0)
SL: 0 SR: 148
(0,0)
(0,0)
(-0,0)
(0,0)
(0,0)
(0,0)
SL: 0 SR: 149
(0,0)
(0,0)
(-0,0)
(0,0)
(0,0)
(0,0)
SL: 0 SR: 150
(0,0)
(0,0)
(-0,0)
(0,0)
(0,0)
(0,0)
SL: 0 SR: 151
(0,0)
(0,0)
(-0,0)
(0,0)
(0,0)
(0,0)
SL: 0 SR: 152
(0,0)
(0,0)
(-0,0)
(0,0)
(0,0)
(0,0)
SL: 0 SR: 153
(0,0)
(0,0)
(-0,0)
(0,0)
(0,0)
(0,0)
SL: 0 SR: 154
(0,0)
(0,0)
(-0,0)
(0,0)
(0,0)
(0,0)
SL: 0 SR: 155
(0,0)
(0,0)
(-0,0)
(0,0)
(0,0)
(0,0)
SL: 0 SR: 156
(0,0)
(0,0)
(-0,0)
(0,0)
(0,0)
(0,0)
SL: 0 SR: 157
(0,0)
(0,0)
(-0,0)
(0,0)
(0,0)
(0,0)
SL: 0 SR: 158
(0,0)
(0,0)
(-0,0)
(0,0)
(0,0)
(0,0)
SL: 0 SR: 159
(0,0)
(0,0)
(-0,0)
(0,0)
(0,0)
(0,0)
SL: 0 SR: 160
(0,0)
(0,0)
(-0,0)
(0,0)
(0,0)
(0,0)
SL: 0 SR: 161
(0,0)
(0,0)
(-0,0)
(0,0)
(0,0)
(0,0)
SL: 0 SR: 162
(0,0)
(0,0)
(-0,0)
(0,0)
(0,0)
(0,0)
SL: 0 SR: 163
(0,0)
(0,0)
(-0,0)
(0,0)
(0,0)
(0,0)
SL: 0 SR: 164
(0,0)
(0,0)
(-0,0)
(0,0)
(0,0)
(0,0)
SL: 0 SR: 165
(0,0)
(0,0)
(-0,0)
(0,0)
(0,0)
(0,0)
SL: 0 SR: 166
(0,0)
(0,0)
(-0,0)
(0,0)
(0,0)
(0,0)
SL: 0 SR: 167
(0,0)
(0,0)
(-0,0)
(0,0)
(0,0)
(0,0)
SL: 0 SR: 168
(0,0)
(0,0)
(-0,0)
(0,0)
(0,0)
(0,0)
SL: 0 SR: 169
(0,0)
(0,0)
(-0,0)
(0,0)
(0,0)
(0,0)
SL: 0 SR: 170
(0,0)
(0,0)
(-0,0)
(0,0)
(0,0)
(0,0)
SL: 0 SR: 171
(0,0)
(0,0)
(-0,0)
(0,0)
(0,0)
(0,0)
SL: 0 SR: 172
(0,0)
(0,0)
(-0,0)
(0,0)
(0,0)
(0,0)
SL: 0 SR: 173
(0,0)
(0,0)
(-0,0)
(0,0)
(0,0)
(0,0)
SL: 0 SR: 174
(0,0)
(0,0)
(-0,0)
(0,0)
(0,0)
(0,0)
SL: 0 SR: 175
(0,0)
(0,0)
(-0,0)
(0,0)
(0,0)
(0,0)
SL: 0 SR: 176
(0,0)
(0,0)
(-0,0)
(0,0)
(0,0)
(0,0)
SL: 0 SR: 177
(0,0)
(0,0)
(-0,0)
(0,0)
(0,0)
(0,0)
SL: 0 SR: 178
(0,0)
(0,0)
(-0,0)
(0,0)
(0,0)
(0,0)
SL: 0 SR: 179
(0,0)
(0,0)
(-0,0)
(0,0)
(0,0)
(0,0)
SL: 0 SR: 180
(0,0)
(0,0)
(-0,0)
(0,0)
(0,0)
(0,0)
SL: 0 SR: 181
(0,0)
(0,0)
(-0,0)
(0,0)
(0,0)
(0,0)
SL: 0 SR: 182
(0,0)
(0,0)
(-0,0)
(0,0)
(0,0)
(0,0)
SL: 0 SR: 183
(0,0)
(0,0)
(-0,0)
(0,0)
(0,0)
(0,0)
SL: 0 SR: 184
(0,0)
(0,0)
(-0,0)
(0,0)
(0,0)
(0,0)
SL: 0 SR: 185
(0,0)
(0,0)
(-0,0)
(0,0)
(0,0)
(0,0)
SL: 0 SR: 186
(0,0)
(0,0)
(-0,0)
(0,0)
(0,0)
(0,0)
SL: 0 SR: 187
(0,0)
(0,0)
(-0,0)
(0,0)
(0,0)
(0,0)
SL: 0 SR: 188
(0,0)
(0,0)
(-0,0)
(0,0)
(0,0)
(0,0)
SL: 0 SR: 189
(0,0)
(0,0)
(-0,0)
(0,0)
(0,0)
(0,0)
SL: 0 SR: 190
(0,0)
(0,0)
(-0,0)
(0,0)
(0,0)
(0,0)
SL: 0 SR: 191
(0,0)
(0,0)
(-0,0)
(0,0)
(0,0)
(0,0)
SL: 0 SR: 192
(0,0)
(0,0)
(-0,0)
(0,0)
(0,0)
(0,0)
SL: 0 SR: 193
(0,0)
(0,0)
(-0,0)
(0,0)
(0,0)
(0,0)
SL: 0 SR: 194
(0,0)
(0,0)
(-0,0)
(0,0)
(0,0)
(0,0)
SL: 0 SR: 195
(0,0)
(0,0)
(-0,0)
(0,0)
(0,0)
(0,0)
SL: 0 SR: 196
(0,0)
(0,0)
(-0,0)
(0,0)
(0,0)
(0,0)
SL: 0 SR: 197
(0,0)
(0,0)
(-0,0)
(0,0)
(0,0)
(0,0)
SL: 0 SR: 198
(0,0)
(0,0)
(-0,0)
(0,0)
(0,0)
(0,0)
SL: 0 SR: 199
(0,0)
(0,0)
(-0,0)
(0,0)
(0,0)
(0,0)
SL: 0 SR: 200
(0,0)
(0,0)
(-0,0)
(0,0)
(0,0)
(0,0)
SL: 0 SR: 201
(0,0)
(0,0)
(-0,0)
(0,0)
(0,0)
(0,0)
SL: 0 SR: 202
(0,0)
(0,0)
(-0,0)
(0,0)
(0,0)
(0,0)
SL: 0 SR: 203
(0,0)
(0,0)
(-0,0)
(0,0)
(0,0)
(0,0)
SL: 0 SR: 204
(0,0)
(0,0)
(-0,0)
(0,0)
(0,0)
(0,0)
SL: 0 SR: 205
(0,0)
(0,0)
(-0,0)
(0,0)
(0,0)
(0,0)
SL: 0 SR: 206
(0,0)
(0,0)
(-0,0)
(0,0)
(0,0)
(0,0)
SL: 0 SR: 207
(0,0)
(0,0)
(-0,0)
(0,0)
(0,0)
(0,0)
SL: 0 SR: 208
(0,0)
(0,0)
(-0,0)
(0,0)
(0,0)
(0,0)
SL: 0 SR: 209
(0,0)
(0,0)
(-0,0)
(0,0)
(0,0)
(0,0)
SL: 0 SR: 210
(0,0)
(0,0)
(-0,0)
(0,0)
(0,0)
(0,0)
SL: 0 SR: 211
(0,0)
(0,0)
(-0,0)
(0,0)
(0,0)
(0,0)
SL: 0 SR: 212
(0,0)
(0,0)
(-0,0)
(0,0)
(0,0)
(0,0)
SL: 0 SR: 213
(0,0)
(0,0)
(-0,0)
(0,0)
(0,0)
(0,0)
SL: 0 SR: 214
(0,0)
(0,0)
(-0,0)
(0,0)
(0,0)
(0,0)
SL: 0 SR: 215
(0,0)
(0,0)
(-0,0)
(0,0)
(0,0)
(0,0)
SL: 0 SR: 216
(0,0)
(0,0)
(-0,0)
(0,0)
(0,0)
(0,0)
SL: 0 SR: 217
(0,0)
(0,0)
(-0,0)
(0,0)
(0,0)
(0,0)
SL: 0 SR: 218
(0,0)
(0,0)
(-0,0)
(0,0)
(0,0)
(0,0)
SL: 0 SR: 219
(0,0)
(0,0)
(-0,0)
(0,0)
(0,0)
(0,0)
SL: 0 SR: 220
(0,0)
(0,0)
(-0,0)
(0,0)
(0,0)
(0,0)
SL: 0 SR: 221
(0,0)
(0,0)
(-0,0)
(0,0)
(0,0)
(0,0)
SL: 0 SR: 222
(0,0)
(0,0)
(-0,0)
(0,0)
(0,0)
(0,0)
SL: 0 SR: 223
(0,0)
(0,0)
(-0,0)
(0,0)
(0,0)
(0,0)
SL: 0 SR: 224
(0,0)
(0,0)
(-0,0)
(0,0)
(0,0)
(0,0)
SL: 0 SR: 225
(0,0)
(0,0)
(-0,0)
(0,0)
(0,0)
(0,0)
SL: 0 SR: 226
(0,0)
(0,0)
(-0,0)
(0,0)
(0,0)
(0,0)
SL: 0 SR: 227
(0,0)
(0,0)
(-0,0)
(0,0)
(0,0)
(0,0)
SL: 0 SR: 228
(0,0)
(0,0)
(-0,0)
(0,0)
(0,0)
(0,0)
SL: 0 SR: 229
(0,0)
(0,0)
(-0,0)
(0,0)
(0,0)
(0,0)
SL: 0 SR: 230
(0,0)
(0,0)
(-0,0)
(0,0)
(0,0)
(0,0)
SL: 0 SR: 231
(0,0)
(0,0)
(-0,0)
(0,0)
(0,0)
(0,0)
SL: 0 SR: 232
(0,0)
(0,0)
(-0,0)
(0,0)
(0,0)
(0,0)
SL: 0 SR: 233
(0,0)
(0,0)
(-0,0)
(0,0)
(0,0)
(0,0)
SL: 0 SR: 234
(0,0)
(0,0)
(-0,0)
(0,0)
(0,0)
(0,0)
SL: 0 SR: 235
(0,0)
(0,0)
(-0,0)
(0,0)
(0,0)
(0,0)
SL: 0 SR: 236
(0,0)
(0,0)
(-0,0)
(0,0)
(0,0)
(0,0)
SL: 0 SR: 237
(0,0)
(0,0)
(-0,0)
(0,0)
(0,0)
(0,0)
SL: 0 SR: 238
(0,0)
(0,0)
(-0,0)
(0,0)
(0,0)
(0,0)
SL: 0 SR: 239
(0,0)
(0,0)
(-0,0)
(0,0)
(0,0)
(0,0)
SL: 0 SR: 240
(0,0)
(0,0)
(-0,0)
(0,0)
(0,0)
(0,0)
SL: 0 SR: 241
(0,0)
(0,0)
(-0,0)
(0,0)
(0,0)
(0,0)
SL: 0 SR: 242
(0,0)
(0,0)
(0,0)
(0,0)
(0,0)
(0,0)
SL: 0 SR: 243
(0,0)
(0,0)
(0,0)
(0,0)
(0,0)
(0,0)
SL: 0 SR: 244
(0,0)
(0,0)
(0,0)
(0,0)
(0,0)
(0,0)
SL: 0 SR: 245
(0,0)
(0,0)
(0,0)
(0,0)
(0,0)
(0,0)
SL: 0 SR: 246
(0,0)
(0,0)
(0,0)
(0,0)
(0,0)
(0,0)
SL: 0 SR: 247
(0,0)
(0,0)
(0,0)
(0,0)
(0,0)
(0,0)
SL: 0 SR: 248
(0,0)
(0,0)
(0,0)
(0,0)
(0,0)
(0,0)
SL: 0 SR: 249
(0,0)
(0,0)
(0,0)
(0,0)
(0,0)
(0,0)
SL: 0 SR: 250
(0,0)
(0,0)
(0,0)
(0,0)
(0,0)
(0,0)
SL: 0 SR: 251
(0,0)
(0,0)
(0,0)
(0,0)
(0,0)
(0,0)
SL: 0 SR: 252
(0,0)
(0,0)
(0,0)
(0,0)
(0,0)
(0,0)
SL: 0 SR: 253
(0,0)
(0,0)
(0,0)
(0,0)
(0,0)
(0,0)
SL: 0 SR: 254
(0,0)
(0,0)
(0,0)
(0,0)
(0,0)
(0,0)
